0.000000,0.000000,0.000000,0.000000,0.000000,0.000000,4.764531,2.302818,5.056483,1.543338,0.000000,0.000000,0.000000,0.000000,0.000000,0.000000,5.466748,2.238129,6.665301,0.000000,0.000000,0.000000,4.594535,1.813788,0.014470,4.428833,0.000000,1.529499,2.591611,1.091985,0.000000,1.945284,0.878818,0.000000,0.000000,0.000000,0.000000,0.000000,0.000000,0.529404,0.000000,0.000000,0.050059,2.971265,0.128219,3.006467,3.669384,0.000000,3.576099,0.000000
0.000000,0.000000,0.000000,0.000000,0.000000,0.377752,3.876201,2.180878,3.805804,2.073349,0.000000,0.000000,0.000000,0.000000,0.000000,0.000000,3.831299,1.655684,4.736279,0.000000,0.000000,0.000000,3.654517,1.510938,0.000000,4.047283,0.000000,0.986387,1.556128,0.142358,0.000000,1.717772,0.988467,0.000000,0.078150,0.000000,0.000000,0.000000,0.000000,0.506113,0.000000,0.000000,0.000000,2.107133,0.792510,2.159542,3.064742,0.000000,3.805749,0.000000
0.000000,0.000000,0.285131,0.000000,0.000000,0.000000,3.944887,1.722732,3.386207,0.969982,0.000000,0.000000,0.000000,0.000000,0.000000,0.000000,4.496212,1.645201,4.670043,0.000000,0.000000,0.000000,3.384053,1.556930,0.000000,3.409152,0.000000,1.739527,2.373120,0.762603,0.000000,1.241857,0.990025,0.000000,0.000000,0.000000,0.000000,0.000000,0.000000,0.378018,0.000000,0.000000,0.117229,2.582366,0.025146,2.521986,2.699344,0.585933,2.809736,0.000000
0.000000,0.000000,0.000000,0.000000,0.000000,0.195235,4.097173,3.722901,4.406597,1.919488,0.000000,0.000000,0.473271,0.000000,0.000000,0.000000,5.792682,1.392906,5.645930,0.000000,0.000000,0.000000,4.674091,1.389070,0.000000,4.655777,0.000000,1.116753,3.073285,1.341096,0.000000,2.209956,0.278529,0.000000,0.000000,0.339461,0.000000,0.000000,0.000000,0.625444,0.000000,0.000000,0.000000,3.784154,1.276773,3.005581,4.118896,0.824143,4.108570,0.000000
0.000000,0.000000,0.000000,0.000000,0.000000,0.451713,4.607868,4.453057,5.268677,2.170637,0.000000,0.000000,0.727005,0.000000,0.000000,0.000000,6.533597,1.663717,6.639360,0.000000,0.000000,0.000000,5.411586,1.847864,0.000000,5.520380,0.000000,1.376574,3.500797,1.187902,0.000000,2.794081,0.011295,0.000000,0.000000,0.000000,0.000000,0.000000,0.000000,0.912712,0.000000,0.000000,0.000000,4.185084,1.400159,3.713152,4.502948,0.752242,4.959322,0.000000
0.000000,0.000000,0.000000,0.000000,0.000000,1.149368,6.363512,3.954660,7.315104,2.842530,0.000000,0.000000,0.243860,0.000000,0.000000,0.000000,7.735248,3.258049,9.570441,0.000000,0.000000,0.000000,6.865902,4.114288,0.000000,7.326506,0.000000,2.158734,3.464827,1.087436,0.000000,4.413967,0.563598,0.000000,0.382290,0.000000,0.000000,0.000000,0.000000,0.794370,0.000000,0.000000,0.000000,5.100029,0.000000,5.116920,5.300988,0.000000,6.007686,0.408491
0.000000,0.000000,0.000000,0.000000,0.000000,1.212168,4.811219,5.007656,5.915620,2.531737,0.000000,0.000000,1.142633,0.000000,0.000000,0.000000,6.882201,2.588230,7.234783,0.000000,0.000000,0.000000,5.747421,2.821967,0.000000,5.886689,0.000000,1.937798,3.704394,0.678625,0.000000,3.583254,0.310686,0.000000,0.137588,0.000000,0.000000,0.000000,0.000000,0.883233,0.000000,0.000000,0.000000,4.811132,0.351016,3.633896,4.696050,0.000000,4.617584,0.000000
0.000000,0.000000,1.047715,0.000000,0.000000,0.000000,3.363439,1.708899,2.406774,1.374615,0.000000,0.000000,0.000000,0.000000,0.000000,0.000000,4.811742,1.656118,3.860507,0.000000,0.000000,0.000000,3.196421,1.037561,0.000000,3.134589,0.000000,0.996863,2.066532,0.989995,0.000000,1.255905,0.790662,0.000000,0.000000,0.000000,0.000000,0.000000,0.000000,0.964123,0.000000,0.000000,0.000000,2.252365,0.393382,1.902075,3.078928,0.222852,3.052677,0.000000
0.000000,0.000000,0.093941,0.000000,0.000000,0.249978,3.646460,2.817394,3.955737,1.624406,0.000000,0.000000,0.600089,0.000000,0.000000,0.000000,5.684239,2.480856,4.367732,0.000000,0.000000,0.000000,3.875683,2.525412,0.000000,4.918594,0.000000,2.050305,0.134140,1.661362,0.000000,0.441398,0.394873,0.000000,0.708282,0.679438,0.000000,0.000000,0.000000,0.565430,0.000000,0.000000,0.000000,1.521421,0.775230,3.075985,1.792998,2.297832,3.976439,0.000000
0.000000,0.000000,0.522821,0.000000,0.000000,0.000000,4.376593,1.116790,3.594660,0.649003,0.000000,0.000000,0.000000,0.000000,0.000000,0.000000,4.313607,2.199177,4.797535,0.000000,0.000000,0.000000,3.552233,1.681058,0.121427,3.945754,0.000000,1.356009,1.609437,0.959374,0.000000,1.249435,1.071496,0.000000,0.000000,0.000000,0.000000,0.000000,0.000000,0.898624,0.000000,0.000000,0.555393,1.254453,0.000000,1.950821,2.427238,1.553787,3.632236,0.000000
0.000000,0.000000,0.000000,0.000000,0.000000,0.299356,4.409160,3.714623,5.030215,1.951756,0.000000,0.000000,0.441999,0.000000,0.000000,0.000000,5.802668,2.384628,6.235507,0.000000,0.000000,0.000000,4.792468,2.062908,0.000000,4.542812,0.000000,1.332011,2.955933,0.414817,0.000000,2.398750,1.100255,0.000000,0.000000,0.000000,0.000000,0.000000,0.000000,0.523473,0.000000,0.000000,0.000000,3.283411,0.152361,2.682462,4.154778,0.000000,4.120416,0.000000
0.815303,0.000000,0.000000,0.000000,0.000000,0.477913,0.318604,1.828781,3.176555,1.140092,0.000000,0.000000,0.454343,0.000000,0.000000,0.000000,3.728879,2.055123,2.172700,0.000000,0.000000,0.709312,3.071212,0.990724,0.000000,4.099185,0.000520,1.869520,2.131269,0.934675,0.000000,2.448076,0.000000,0.000000,0.481960,0.000000,0.000000,0.000000,0.000000,0.774507,0.000000,0.000000,0.000000,2.402645,0.000000,3.142155,1.429831,0.000000,1.697638,0.000000
0.000000,0.000000,0.000000,0.000000,0.000000,0.000000,4.688786,3.124441,5.060231,1.510150,0.000000,0.000000,0.323225,0.000000,0.000000,0.000000,5.005951,2.105135,5.884473,0.000000,0.000000,0.000000,4.710054,1.902252,0.000000,4.723255,0.000000,1.314951,2.469336,0.868529,0.000000,2.002260,0.886065,0.000000,0.193080,0.000000,0.000000,0.000000,0.000000,0.581610,0.000000,0.000000,0.000000,2.613464,0.657023,2.524214,3.617288,0.380448,4.375366,0.000000
0.000000,0.000000,0.000000,0.000000,0.000000,0.851326,5.074902,4.580056,5.739086,2.327147,0.000000,0.000000,0.872017,0.000000,0.000000,0.000000,7.201199,2.781858,7.008565,0.000000,0.000000,0.000000,5.848330,2.712633,0.000000,5.835862,0.000000,1.896162,3.680162,0.688220,0.000000,3.053389,0.238023,0.000000,0.014033,0.000000,0.000000,0.000000,0.000000,1.025176,0.000000,0.000000,0.000000,4.279911,0.318084,3.371494,4.730322,0.011414,4.746432,0.000000
0.000000,0.000000,0.634234,0.000000,0.000000,0.000000,4.236929,1.282363,3.584544,0.793835,0.000000,0.000000,0.000000,0.000000,0.000000,0.000000,3.515993,1.791125,5.040483,0.000000,0.000000,0.000000,3.453933,1.293671,1.007715,3.293702,0.000000,1.407567,1.896396,0.426216,0.000000,1.564933,0.948526,0.000000,0.000000,0.000000,0.000000,0.000000,0.000000,0.918712,0.000000,0.000000,0.477339,1.524539,0.093277,1.401900,3.171337,0.842087,3.137917,0.000000
0.000000,0.000000,0.000000,0.000000,0.000000,0.000000,5.008949,2.601565,4.874863,2.000088,0.000000,0.000000,0.529405,0.000000,0.000000,0.000000,4.525762,2.108277,6.422424,0.000000,0.000000,0.000000,5.067942,1.999292,0.000000,5.149057,0.000000,1.207982,1.815672,0.110605,0.000000,2.195064,0.535185,0.000000,0.000000,0.000000,0.000000,0.000000,0.000000,0.612157,0.000000,0.000000,0.000000,2.743139,0.649013,2.388881,3.859161,0.359727,4.049408,0.000000
0.000000,0.000000,0.397470,0.000000,0.000000,0.000000,4.755890,2.544145,3.978174,1.719967,0.000000,0.000000,0.252429,0.000000,0.000000,0.000000,4.346290,1.894924,5.851299,0.000000,0.000000,0.000000,5.151934,1.607626,0.000000,3.967505,0.000000,1.055579,3.121970,0.286983,0.000000,1.795730,0.415214,0.000000,0.000000,0.000000,0.000000,0.000000,0.000000,0.155337,0.000000,0.000000,0.000000,2.402662,0.610534,2.188085,4.535833,0.000000,3.614351,0.000000
0.000000,0.000000,0.571812,0.000000,0.000000,0.000000,4.208631,2.059831,3.455281,1.287439,0.000000,0.000000,0.174719,0.000000,0.000000,0.000000,3.716886,1.775896,5.404537,0.000000,0.000000,0.000000,4.398175,1.507892,0.182483,3.207607,0.000000,0.849275,2.728087,0.000000,0.000000,1.584640,0.514260,0.000000,0.000000,0.000000,0.000000,0.000000,0.000000,0.074874,0.000000,0.000000,0.000000,2.103219,0.599244,1.682547,4.214894,0.000000,3.161784,0.000000
0.000000,0.000000,0.000000,0.000000,0.000000,1.258835,3.873364,4.565724,5.788586,2.141472,0.000000,0.000000,1.470590,0.000000,0.000000,0.000000,5.066739,2.316145,6.494856,0.000000,0.000000,0.000000,5.954012,2.289342,0.000000,5.396739,0.000000,0.647166,2.893793,0.000000,0.000000,3.325868,1.129153,0.000000,0.000000,1.240271,0.000000,0.000000,0.000000,0.401760,0.000000,0.000000,0.087458,4.212820,1.148071,2.241521,4.580600,0.720140,4.458675,0.000000
0.000000,0.000000,0.241928,0.000000,0.000000,0.000000,3.579566,0.031224,1.736347,1.393439,0.000000,0.000000,0.000000,0.000000,0.000000,0.096763,2.950915,1.955485,3.449743,0.000000,0.000000,0.000000,3.231007,0.510322,0.043118,3.903445,0.000000,1.342593,1.913308,0.699560,0.000000,2.922752,1.186759,0.000000,1.183713,0.000000,0.000000,0.000000,0.000000,0.456146,0.000000,0.000000,0.499935,0.000000,0.000000,2.283816,2.352486,0.000000,3.346010,0.782013
0.000000,0.000000,0.000000,0.000000,0.000000,1.286104,5.636196,5.394899,7.105791,2.982087,0.000000,0.000000,1.172807,0.000000,0.000000,0.000000,8.092998,2.918946,8.657258,0.000000,0.000000,0.000000,6.982210,3.874087,0.000000,7.237875,0.000000,2.356809,4.227705,1.043483,0.000000,4.786035,0.000000,0.000000,0.534244,0.000000,0.000000,0.000000,0.000000,1.186348,0.000000,0.000000,0.000000,5.119577,0.000000,4.703342,5.507465,0.000000,6.208169,0.000000
0.000000,0.000000,0.000000,0.000000,0.000000,0.265268,4.791999,4.021091,5.224102,2.343596,0.000000,0.000000,0.461070,0.000000,0.000000,0.000000,6.465035,2.092848,6.933269,0.000000,0.000000,0.000000,5.949275,2.408975,0.000000,5.220393,0.000000,1.633529,4.071701,0.965345,0.000000,3.334915,0.318159,0.000000,0.000000,0.000000,0.000000,0.000000,0.000000,1.233337,0.000000,0.000000,0.000000,4.155876,0.044671,3.379132,5.262880,0.000000,4.727202,0.000000
0.000000,0.000000,0.000000,0.000000,0.000000,0.320524,4.334962,2.975665,4.652803,2.091803,0.000000,0.000000,0.319073,0.000000,0.000000,0.000000,5.471154,2.329895,6.654387,0.000000,0.000000,0.000000,5.427165,1.935292,0.000000,4.702015,0.000000,1.196200,3.051928,1.040189,0.000000,2.779521,0.702638,0.000000,0.062201,0.000000,0.000000,0.000000,0.000000,0.784246,0.000000,0.000000,0.000000,3.092089,0.000000,2.731333,4.281263,0.000000,4.114588,0.000000
0.000000,0.000000,0.000000,0.000000,0.000000,0.433461,5.041552,3.937647,6.660097,2.075480,0.000000,0.000000,0.834775,0.000000,0.000000,0.000000,6.390943,2.276813,8.324884,0.000000,0.000000,0.000000,6.304786,2.783294,0.000000,5.610577,0.000000,2.151563,3.351160,0.692966,0.000000,3.327148,0.575510,0.000000,0.000000,0.000000,0.000000,0.000000,0.000000,1.062677,0.000000,0.000000,0.000000,3.641525,0.125806,3.760063,4.792977,0.000000,4.987228,0.000000
0.000000,0.000000,0.000000,0.000000,0.000000,1.336565,4.783894,4.354698,6.694545,2.926086,0.000000,0.000000,1.039602,0.000000,0.000000,0.000000,6.470082,2.586323,8.387996,0.000000,0.000000,0.000000,6.763741,3.065174,0.000000,6.393174,0.000000,1.397621,3.498360,0.000000,0.000000,4.093882,0.000000,0.000000,0.429813,0.000000,0.000000,0.000000,0.000000,0.765635,0.000000,0.000000,0.000000,4.687316,0.504424,3.992111,5.003528,0.000000,5.644007,0.000000
0.000000,0.000000,0.000000,0.000000,0.000000,0.000000,4.734415,2.785500,5.036971,1.790144,0.000000,0.000000,0.021777,0.000000,0.000000,0.000000,4.781239,1.791728,6.151486,0.000000,0.000000,0.000000,4.358707,1.934625,0.000000,4.976233,0.000000,1.437878,1.601244,0.665535,0.000000,1.986470,0.656889,0.000000,0.000000,0.000000,0.000000,0.000000,0.000000,0.422905,0.000000,0.000000,0.000000,2.327786,0.860695,2.509382,3.462949,0.556780,4.389559,0.000000
0.000000,0.000000,0.000000,0.000000,0.000000,0.109140,4.677913,3.648536,6.119451,1.776377,0.000000,0.000000,0.756685,0.000000,0.000000,0.000000,5.808578,2.314392,7.815660,0.000000,0.000000,0.000000,6.015633,2.313690,0.000000,5.074308,0.000000,1.615053,3.084839,0.679681,0.000000,3.206734,0.650380,0.000000,0.000000,0.000000,0.000000,0.000000,0.000000,0.816598,0.000000,0.000000,0.000000,3.430438,0.148190,3.494106,4.496446,0.000000,4.683061,0.000000
0.000000,0.000000,0.000000,0.000000,0.000000,0.792993,6.556531,4.353273,6.739474,2.946445,0.000000,0.000000,0.220869,0.000000,0.000000,0.000000,8.250774,3.308163,9.405950,0.000000,0.000000,0.000000,7.000662,3.542482,0.000000,7.336886,0.000000,2.019195,3.920677,1.471879,0.000000,4.476021,0.174275,0.000000,0.648832,0.000000,0.000000,0.000000,0.000000,1.005545,0.000000,0.000000,0.000000,4.982771,0.000000,4.884275,5.707055,0.000000,6.577940,0.424928
0.000000,0.000000,0.000000,0.000000,0.000000,0.210685,5.211778,3.400752,5.345232,2.371942,0.000000,0.000000,0.207455,0.000000,0.000000,0.000000,5.963394,2.367036,7.666770,0.000000,0.000000,0.000000,5.541735,2.216212,0.000000,5.367322,0.000000,1.356665,3.121900,0.474855,0.000000,2.991154,0.643589,0.000000,0.000000,0.000000,0.000000,0.000000,0.000000,0.985582,0.000000,0.000000,0.000000,3.622053,0.379327,3.119315,4.789498,0.000000,4.734161,0.051804
0.000000,0.000000,0.000000,0.000000,0.000000,0.000000,3.888209,4.026102,4.067922,2.909914,0.000000,0.000000,0.056003,0.000000,0.000000,0.000000,5.748230,1.101062,5.351242,0.102257,0.000000,0.000000,4.296082,2.036217,0.000000,4.812918,0.000000,1.452325,4.478034,0.688194,0.000000,3.070734,1.556611,0.000000,0.000000,0.435451,0.000000,0.000000,0.000000,0.968465,0.000000,0.000000,0.000000,3.769678,0.418677,2.693538,4.522253,1.335598,3.931685,0.000000
0.000000,0.000000,0.000000,0.000000,0.000000,0.000000,4.577337,3.437788,4.029511,2.671404,0.000000,0.000000,0.000000,0.000000,0.000000,0.000000,5.553500,1.262876,5.509611,0.000000,0.000000,0.000000,4.081532,1.509371,0.000000,4.702011,0.000000,1.983152,4.166246,0.485618,0.000000,2.613627,1.347937,0.000000,0.000000,0.000000,0.000000,0.000000,0.000000,1.284073,0.000000,0.000000,0.000000,3.537294,0.757670,3.137700,4.519314,1.060045,3.995240,0.000000
0.000000,0.000000,0.000000,0.000000,0.000000,0.937850,2.613558,2.936538,4.373468,1.268408,0.000000,0.000000,0.926727,0.000000,0.000000,0.000000,5.401935,2.125957,4.851609,0.000000,0.000000,0.000000,4.427151,1.390294,0.000000,5.052347,0.000000,2.498400,2.606024,1.302453,0.000000,2.059134,0.000000,0.000000,0.524773,0.000000,0.000000,0.000000,0.000000,1.374245,0.000000,0.000000,0.000000,2.458410,0.408253,3.437267,2.699691,1.056760,4.474263,0.000000
0.000000,0.000000,0.000000,0.000000,0.000000,1.011870,2.229393,2.976579,3.800969,1.219325,0.000000,0.000000,0.944341,0.000000,0.000000,0.000000,4.871504,1.488293,4.062985,0.000000,0.000000,0.000000,3.870496,1.102507,0.000000,4.430715,0.000000,2.342922,2.542838,1.146725,0.000000,1.996512,0.000000,0.000000,0.125206,0.709173,0.000000,0.000000,0.000000,1.339940,0.000000,0.000000,0.000000,2.327734,0.873718,3.383188,2.312584,1.894148,4.140464,0.000000
0.000000,0.000000,0.000000,0.000000,0.000000,0.287169,3.944981,3.352030,4.641834,1.876357,0.000000,0.000000,1.211308,0.000000,0.000000,0.000000,5.688457,1.870858,5.361475,0.000000,0.000000,0.000000,4.152847,2.060842,0.000000,4.551175,0.000000,0.750152,1.584887,0.538258,0.000000,1.178488,0.780955,0.000000,0.000000,0.647094,0.000000,0.000000,0.000000,0.556612,0.000000,0.000000,0.000000,2.616988,1.241041,2.618699,3.153658,2.125273,4.044165,0.000000
0.000000,0.000000,0.000000,0.000000,0.000000,0.000000,3.781851,2.331876,4.075833,1.477304,0.000000,0.000000,1.162999,0.000000,0.000000,0.000000,5.076561,1.915587,4.872961,0.000000,0.000000,0.000000,3.552843,1.355696,0.101032,4.053424,0.000000,0.385686,0.793551,0.650325,0.000000,0.884483,0.951133,0.000000,0.000000,0.793622,0.000000,0.000000,0.000000,0.532855,0.000000,0.000000,0.199372,2.080706,1.200953,2.014721,2.771540,2.380330,3.779845,0.000000
0.000000,0.000000,0.000000,0.000000,0.000000,0.976600,5.836853,5.236083,6.888819,2.698618,0.000000,0.000000,1.018116,0.000000,0.000000,0.000000,7.197412,3.025145,8.802174,0.000000,0.000000,0.000000,7.560362,3.131215,0.000000,7.010406,0.000000,1.528674,4.438452,0.832398,0.000000,4.605469,0.445280,0.000000,0.078768,0.000000,0.000000,0.000000,0.000000,1.158998,0.000000,0.000000,0.000000,4.764077,0.453196,4.002010,5.659399,0.000000,5.914884,0.000000
0.000000,0.000000,0.107300,0.000000,0.000000,0.000000,3.402784,1.822282,2.584976,1.070691,0.000000,0.000000,0.609588,0.000000,0.000000,0.000000,3.572336,1.419646,3.902209,0.000000,0.000000,0.000000,3.200643,0.660823,0.000000,2.960741,0.000000,0.823045,1.154982,0.000000,0.000000,0.861577,0.547263,0.000000,0.000000,0.000000,0.000000,0.000000,0.000000,0.211762,0.000000,0.000000,0.000000,1.117547,1.227345,1.552583,2.097065,0.000000,3.160284,0.000000
0.000000,0.000000,0.000000,0.000000,0.000000,0.000000,6.946814,5.400886,7.002145,3.886580,0.000000,0.000000,0.503271,0.000000,0.000000,0.000000,10.386379,4.431516,9.360386,0.000000,0.000000,0.000000,8.723748,3.213127,0.000000,9.692472,0.000000,2.885391,4.646187,1.469409,0.000000,5.525176,0.000000,0.000000,1.811118,0.000000,0.000000,0.000000,0.000000,1.949471,0.000000,0.000000,0.000000,4.828382,0.000000,7.160736,7.257873,0.000000,8.058599,0.000000
0.000000,0.000000,0.000000,0.000000,0.000000,0.000000,4.037092,1.978120,4.108553,1.108792,0.000000,0.000000,0.170032,0.000000,0.000000,0.000000,4.151164,1.900856,5.857799,0.000000,0.000000,0.000000,4.225963,1.304548,0.183870,3.681383,0.000000,0.963173,2.316600,0.245138,0.000000,1.939541,1.216043,0.000000,0.000000,0.000000,0.000000,0.000000,0.000000,0.368845,0.000000,0.000000,0.250594,1.978806,0.723511,1.809687,3.718426,0.000000,3.726813,0.000000
0.000000,0.000000,0.000000,0.000000,0.000000,0.022734,3.940524,2.304597,4.204027,1.247906,0.000000,0.000000,0.023675,0.000000,0.000000,0.000000,4.686664,2.245570,6.021882,0.000000,0.000000,0.000000,4.451912,1.192433,0.000000,3.764374,0.000000,1.082319,2.598356,0.230314,0.000000,2.127323,1.082528,0.000000,0.000000,0.000000,0.000000,0.000000,0.000000,0.302955,0.000000,0.000000,0.000000,2.520681,0.577154,2.028764,3.986960,0.000000,3.710423,0.000000
0.000000,0.000000,0.000000,0.000000,0.000000,0.635373,4.529636,4.109262,5.157194,2.107521,0.000000,0.000000,0.958484,0.000000,0.000000,0.000000,5.194558,2.166822,6.370327,0.000000,0.000000,0.000000,5.640429,2.232679,0.122985,5.313875,0.000000,1.038295,2.216501,0.357254,0.000000,2.876793,0.799530,0.000000,0.000000,0.829638,0.000000,0.000000,0.000000,0.665486,0.000000,0.000000,0.085609,3.208455,1.060675,2.413120,4.427064,1.034345,4.387027,0.000000
0.000000,0.000000,0.000000,0.000000,0.000000,0.000000,3.632108,1.705848,3.538790,1.334753,0.000000,0.000000,0.000000,0.000000,0.000000,1.713080,5.108975,1.482117,4.984758,0.000000,0.000000,1.013144,3.884475,2.135269,0.041161,5.677666,0.000000,2.590349,3.156824,0.462887,0.000000,3.817917,0.000000,0.000000,1.891279,0.000000,0.000000,0.000000,0.000000,1.817919,0.000000,0.215776,0.000000,0.550856,0.000000,5.786160,1.954696,0.000000,6.491269,0.308063
0.000000,0.000000,0.000000,0.000000,0.000000,0.366755,5.891352,4.436890,6.503572,2.534871,0.000000,0.000000,0.564265,0.000000,0.000000,0.000000,7.041186,2.943885,8.644967,0.000000,0.000000,0.000000,7.195368,2.676868,0.000000,6.382519,0.000000,1.361395,3.262961,1.095697,0.000000,3.716231,0.560683,0.000000,0.234090,0.000000,0.000000,0.000000,0.000000,1.162278,0.000000,0.000000,0.000000,3.896979,0.357194,3.560321,5.543642,0.000000,5.501934,0.000000
0.000000,0.000000,0.000000,0.000000,0.000000,0.678050,4.556779,3.483179,5.242734,2.207469,0.000000,0.000000,0.648126,0.000000,0.000000,0.000000,5.081619,1.951454,7.066676,0.000000,0.000000,0.000000,6.194076,1.681280,0.000000,4.903521,0.000000,1.300127,3.843214,0.777453,0.000000,3.034117,0.150847,0.000000,0.000000,0.000000,0.000000,0.000000,0.000000,0.412074,0.000000,0.000000,0.000000,3.908513,1.107783,3.089420,5.228484,0.000000,3.875848,0.000000
0.000000,0.000000,0.000000,0.000000,0.000000,0.318405,3.936930,3.501892,4.464530,1.675944,0.000000,0.000000,1.182973,0.000000,0.000000,0.000000,4.329710,2.628608,5.927460,0.000000,0.000000,0.000000,5.790751,1.650081,0.082381,4.300150,0.000000,0.000000,2.949716,0.000000,0.000000,3.098659,1.864359,0.000000,0.000000,0.837199,0.000000,0.000000,0.000000,0.733676,0.000000,0.000000,0.246804,2.503597,0.838744,1.514604,4.195523,0.000000,4.021185,0.000000
0.000000,0.000000,0.000000,0.000000,0.000000,0.000000,6.758970,5.054374,7.055232,3.954845,0.000000,0.000000,0.460932,0.000000,0.000000,0.000000,9.877923,3.863089,9.524140,0.000000,0.000000,0.000000,8.652484,3.405861,0.000000,8.676898,0.000000,1.925951,4.529596,1.391840,0.000000,5.046935,0.351345,0.000000,1.329738,0.000000,0.000000,0.000000,0.000000,1.662457,0.000000,0.000000,0.000000,5.131800,0.000000,6.172136,7.493015,0.000000,7.201689,0.000000
0.000000,0.000000,0.000000,0.000000,0.000000,0.418472,6.950988,4.782278,7.218347,4.128600,0.000000,0.000000,0.000000,0.000000,0.000000,0.000000,9.048392,4.207789,10.364084,0.000000,0.000000,0.000000,8.980693,3.476141,0.000000,8.966166,0.000000,2.391432,4.902307,1.233597,0.000000,5.769440,0.568440,0.000000,1.436100,0.000000,0.000000,0.000000,0.000000,0.868482,0.000000,0.000000,0.000000,5.718305,0.000000,5.778414,7.678072,0.000000,7.658073,0.000000
0.000000,0.000000,0.000000,0.000000,0.000000,0.000000,3.993667,1.788446,4.033043,1.454229,0.000000,0.000000,0.376748,0.000000,0.000000,0.000000,4.289598,1.656011,5.267734,0.000000,0.000000,0.000000,3.300984,1.379247,0.324527,4.285524,0.000000,1.446157,0.837236,0.176415,0.000000,0.473900,0.722498,0.000000,0.000000,0.088108,0.000000,0.000000,0.000000,0.610089,0.000000,0.000000,0.131359,1.641401,0.847671,2.165331,3.004109,1.499526,3.389236,0.000000
0.000000,0.000000,0.000000,0.000000,0.000000,0.641034,4.893232,4.473375,5.780317,3.009671,0.000000,0.000000,0.629737,0.000000,0.000000,0.000000,7.382728,2.506234,7.452034,0.000000,0.000000,0.000000,6.735802,3.307012,0.000000,6.584433,0.000000,2.107368,4.268523,1.235602,0.000000,4.293939,0.000000,0.000000,0.619441,0.000000,0.000000,0.000000,0.000000,1.592315,0.000000,0.000000,0.000000,4.771370,0.000000,4.630719,5.045680,0.000000,5.340251,0.000000
0.000000,0.000000,0.000000,0.000000,0.000000,0.000000,4.872986,3.380044,4.726902,1.788181,0.000000,0.000000,0.406110,0.000000,0.000000,0.000000,5.487039,2.214302,6.520318,0.000000,0.000000,0.000000,5.159789,2.099072,0.000000,4.882040,0.000000,0.875416,2.012633,0.785408,0.000000,2.324776,0.759359,0.000000,0.000000,0.000000,0.000000,0.000000,0.000000,0.950878,0.000000,0.000000,0.000000,2.653275,0.235789,2.352111,4.211735,0.000000,4.486854,0.000000
0.018230,0.000000,0.000000,0.000000,0.000000,0.124186,5.303867,4.730150,6.861875,3.620846,0.000000,0.000000,0.495358,0.000000,0.000000,0.000000,9.119041,3.260847,7.932874,0.000000,0.000000,0.000000,7.233475,2.810140,0.000000,9.459384,0.109930,3.209579,4.556815,1.598445,0.000000,5.879964,0.000000,0.000000,1.612735,0.000000,0.000000,0.000000,0.000000,2.437402,0.000000,0.964325,0.000000,4.805190,0.000000,7.148036,5.411541,0.000000,6.944336,0.000000
0.000000,0.000000,0.000000,0.000000,0.000000,0.427876,2.022248,1.789710,2.415514,1.415182,0.000000,0.000000,0.000000,0.000000,0.000000,0.000000,3.878221,1.682024,3.466008,0.000000,0.000000,0.000000,3.145682,2.129334,0.000000,4.146791,0.000000,2.156488,2.370322,0.354407,0.000000,2.094964,0.000000,0.000000,0.243242,0.000000,0.000000,0.000000,0.000000,1.283569,0.000000,0.000000,0.000000,1.572331,0.000000,3.175280,2.532710,0.139819,3.725263,0.000771
0.265656,0.000000,0.000000,0.000000,0.000000,1.436163,4.529446,5.088379,6.377075,3.212847,0.000000,0.000000,1.417660,0.000000,0.000000,0.000000,7.347353,2.539829,7.871141,0.000000,0.000000,0.000000,6.711134,3.575395,0.000000,6.859814,0.000000,2.327965,3.926839,0.825399,0.000000,4.492504,0.000000,0.000000,0.083031,0.000000,0.000000,0.000000,0.000000,1.110768,0.000000,0.000000,0.000000,5.437511,0.857063,5.559527,5.132868,0.000000,5.460352,0.000000
0.071574,0.000000,0.000000,0.000000,0.000000,1.860498,4.030566,5.837145,7.152812,3.573107,0.000000,0.000000,1.702385,0.000000,0.000000,0.000000,7.286435,2.189870,8.499012,0.000000,0.000000,0.000000,7.251671,3.733312,0.000000,7.252954,0.000000,1.866907,4.301917,0.613637,0.000000,4.749557,0.000000,0.000000,0.369230,0.000000,0.000000,0.000000,0.000000,1.309261,0.000000,0.000000,0.000000,5.315759,0.668690,4.637504,5.650936,0.000000,5.834221,0.000000
0.000000,0.000000,0.004445,0.000000,0.000000,0.255105,3.745342,2.071684,3.833098,1.117006,0.000000,0.000000,0.000000,0.000000,0.000000,0.000000,4.697816,1.979204,5.141874,0.000000,0.000000,0.000000,3.676883,1.570415,0.026491,3.855364,0.000000,2.003433,1.075024,0.542639,0.000000,0.988425,0.385448,0.000000,0.095136,0.000000,0.000000,0.000000,0.000000,0.560872,0.000000,0.000000,0.000000,1.920565,0.086018,2.240285,2.781708,0.000000,3.238379,0.000000
0.000000,0.000000,0.000000,0.000000,0.000000,1.807534,3.955960,4.744343,6.715140,2.699841,0.000000,0.000000,1.258802,0.000000,0.000000,0.000000,6.677044,2.077789,7.819345,0.000000,0.000000,0.000000,5.978878,2.967618,0.000000,5.936915,0.000000,2.096527,3.565619,0.624493,0.000000,3.576192,0.000000,0.000000,0.474652,0.000000,0.000000,0.000000,0.000000,0.739387,0.000000,0.000000,0.000000,4.549468,0.493759,3.993683,4.814289,0.000000,5.216777,0.000000
0.000000,0.000000,0.000000,0.000000,0.000000,0.061735,5.175892,1.951260,4.088560,2.314500,0.000000,0.000000,0.000000,0.000000,0.000000,0.000000,5.422054,2.842948,6.010283,0.000000,0.000000,0.000000,4.706885,1.506956,0.000000,5.118604,0.000000,1.902365,3.119134,1.413780,0.000000,2.782745,2.041657,0.000000,0.620351,0.000000,0.000000,0.000000,0.000000,0.632433,0.000000,0.000000,0.000000,1.756254,0.000000,3.522681,4.232968,0.000000,4.549500,0.000000
0.000000,0.000000,0.000000,0.000000,0.000000,0.000000,7.168050,5.218015,8.058086,3.440935,0.000000,0.000000,0.000000,0.000000,0.000000,0.000000,9.241617,3.217643,10.629450,0.000000,0.000000,0.000000,8.387584,3.846081,0.000000,8.760528,0.000000,1.899130,5.998626,2.161674,0.000000,5.640112,0.081929,0.000000,0.644994,0.000000,0.000000,0.000000,0.000000,1.726538,0.000000,0.000000,0.000000,5.225289,0.000000,6.326151,7.047180,0.000000,7.559039,0.000000
0.000000,0.000000,0.000000,0.000000,0.000000,0.000000,4.703711,3.161786,4.516743,2.093721,0.000000,0.000000,0.289540,0.000000,0.000000,0.000000,5.444338,2.213109,6.172732,0.000000,0.000000,0.000000,4.839872,2.330585,0.000000,4.914326,0.000000,1.108371,2.055517,0.689394,0.000000,1.976850,0.824568,0.000000,0.368084,0.000000,0.000000,0.000000,0.000000,0.597249,0.000000,0.000000,0.000000,2.510212,0.247211,2.462681,3.863890,0.000000,4.223663,0.000000
0.000000,0.000000,0.000000,0.000000,0.000000,0.880042,5.616092,4.321949,6.088207,3.177656,0.000000,0.000000,0.465684,0.000000,0.000000,0.000000,7.422111,3.098024,7.883365,0.000000,0.000000,0.000000,6.709999,3.119054,0.000000,6.465899,0.000000,1.037523,3.516054,0.470701,0.000000,3.588704,0.781015,0.000000,0.422808,0.000000,0.000000,0.000000,0.000000,0.973123,0.000000,0.000000,0.000000,4.111126,0.112496,3.930991,5.470823,0.000000,5.730149,0.000000
0.000000,0.000000,0.000000,0.000000,0.000000,0.000000,3.847780,3.407763,4.457854,2.427289,0.000000,0.000000,0.878331,0.000000,0.000000,0.000000,6.467968,2.408092,5.147451,0.000000,0.000000,0.000000,4.786460,1.827391,0.000000,7.047004,0.034288,2.037890,2.862863,0.432348,0.000000,4.080168,0.000000,0.000000,1.421986,0.000000,0.000000,0.000000,0.000000,1.682431,0.000000,0.228331,0.000000,2.755740,0.227694,5.633428,3.779986,0.417931,5.562636,0.091324
0.000000,0.000000,0.000000,0.000000,0.000000,0.781967,3.778660,3.545330,3.980706,2.643379,0.000000,0.000000,0.000000,0.000000,0.000000,0.000000,5.488844,2.295782,4.685872,0.000000,0.000000,0.000000,4.636907,1.988339,0.000000,4.804098,0.000000,0.764072,2.048985,0.607318,0.000000,2.157386,1.548089,0.000000,0.209362,1.060819,0.000000,0.000000,0.000000,0.484504,0.000000,0.000000,0.000000,2.570581,0.418681,2.368293,4.329449,0.464334,4.283365,0.000000
0.000000,0.000000,0.000000,0.000000,0.000000,0.609372,4.675664,3.836052,4.687343,2.436360,0.000000,0.000000,0.014910,0.000000,0.000000,0.000000,6.116302,2.489853,6.127371,0.000000,0.000000,0.000000,5.307956,2.269737,0.000000,4.612940,0.000000,0.973454,2.998091,0.505144,0.000000,2.810155,1.238285,0.000000,0.000000,0.000000,0.000000,0.000000,0.000000,0.830642,0.000000,0.000000,0.000000,3.335976,0.050698,2.774227,4.796952,0.000000,4.403541,0.000000
0.000000,0.000000,0.000000,0.000000,0.000000,0.977917,5.731931,5.231546,7.425053,3.019100,0.000000,0.000000,0.685408,0.000000,0.000000,0.000000,7.960740,3.089140,9.388763,0.000000,0.000000,0.000000,7.422527,4.251123,0.000000,7.600497,0.000000,1.703069,4.480534,1.272368,0.000000,4.640157,0.131452,0.000000,1.080209,0.000000,0.000000,0.000000,0.000000,0.824079,0.000000,0.000000,0.000000,5.149223,0.072577,4.897205,5.725537,0.000000,6.633216,0.000000
0.000000,0.000000,0.000000,0.000000,0.000000,0.155890,2.959921,3.893508,4.355374,1.324053,0.000000,0.000000,0.822551,0.000000,0.000000,0.000000,4.815902,1.401657,5.189107,0.000000,0.000000,0.000000,4.713189,1.680555,0.000000,4.341496,0.000000,1.401272,2.714001,0.463753,0.000000,2.751800,0.416466,0.000000,0.000000,0.173505,0.000000,0.000000,0.000000,1.103294,0.000000,0.000000,0.131663,2.695976,0.191614,1.777652,3.843540,1.271276,4.177712,0.000000
0.000000,0.000000,0.000000,0.000000,0.000000,0.404520,5.461523,3.991145,5.330103,2.955361,0.000000,0.000000,0.081762,0.000000,0.000000,0.000000,7.643945,3.519198,7.289881,0.000000,0.000000,0.000000,6.159011,2.806849,0.000000,7.630721,0.000000,2.199483,3.429591,1.491097,0.000000,4.796758,0.000000,0.000000,1.578008,0.000000,0.000000,0.000000,0.000000,1.513384,0.000000,0.012737,0.000000,3.948216,0.000000,5.911251,4.988308,0.000000,6.218362,0.000000
0.000000,0.000000,0.494080,0.000000,0.000000,0.000000,4.682703,2.035562,4.223817,2.124973,0.000000,0.000000,0.000000,0.000000,0.000000,0.000000,5.553529,2.172033,6.251527,0.000000,0.000000,0.000000,5.044751,1.548143,0.000000,5.225334,0.000000,1.304024,2.552482,1.194938,0.000000,2.036933,0.602838,0.000000,0.000000,0.000000,0.000000,0.000000,0.000000,0.988021,0.000000,0.000000,0.000000,2.503989,0.237706,2.964085,4.378250,0.000000,4.054799,0.112682
0.000000,0.000000,0.000000,0.000000,0.000000,0.846292,3.527135,3.253807,3.957253,2.400834,0.000000,0.000000,0.593196,0.000000,0.000000,0.000000,5.132622,2.320228,4.992210,0.000000,0.000000,0.000000,5.183993,1.723796,0.000000,5.252321,0.000000,1.828717,2.067422,0.698498,0.000000,2.387388,0.625217,0.000000,0.560615,0.061701,0.000000,0.000000,0.000000,0.607164,0.000000,0.000000,0.000000,2.441444,0.609086,3.047412,3.683349,0.000000,4.564483,0.000000
0.000000,0.000000,0.000000,0.000000,0.000000,0.265660,5.166376,4.184792,5.219008,2.521544,0.000000,0.000000,0.638097,0.000000,0.000000,0.000000,7.038311,3.037153,6.515939,0.000000,0.000000,0.000000,6.114675,2.508729,0.000000,5.605060,0.000000,1.101415,3.206223,0.234387,0.000000,2.963894,0.984465,0.000000,0.539382,0.000000,0.000000,0.000000,0.000000,0.738456,0.000000,0.000000,0.000000,3.123917,0.043232,2.989183,4.614433,0.000000,4.805425,0.000000
0.000000,0.000000,0.000000,0.000000,0.000000,0.000000,4.704327,3.629071,4.480156,2.321695,0.000000,0.000000,0.319359,0.000000,0.000000,0.000000,6.219569,2.354099,5.584657,0.000000,0.000000,0.000000,5.207633,1.979221,0.000000,4.817422,0.000000,1.070727,2.435579,0.291870,0.000000,1.794998,0.861214,0.000000,0.000000,0.021406,0.000000,0.000000,0.000000,0.946018,0.000000,0.000000,0.000000,2.321251,0.685754,2.234662,4.406017,0.066733,4.494703,0.000000
0.000000,0.000000,0.000000,0.000000,0.000000,0.000000,4.184197,2.492947,4.594401,2.020010,0.000000,0.000000,0.374762,0.000000,0.000000,0.000000,5.481722,1.868306,5.823014,0.000000,0.000000,0.000000,4.938815,1.466913,0.000000,5.091205,0.000000,0.872086,2.243119,1.301741,0.000000,1.946322,0.716150,0.000000,0.022936,0.000000,0.000000,0.000000,0.000000,0.991250,0.000000,0.000000,0.000000,2.569235,0.423030,2.320131,3.944634,0.000000,4.166564,0.000000
0.000000,0.000000,0.000000,0.000000,0.000000,0.000000,3.638530,2.510045,3.777609,2.027537,0.000000,0.000000,0.266280,0.000000,0.000000,0.000000,4.752732,1.989295,5.137846,0.000000,0.000000,0.000000,4.527092,1.516749,0.310832,3.926799,0.000000,0.843021,2.285036,0.000000,0.000000,1.428646,1.219042,0.000000,0.000000,0.201371,0.000000,0.000000,0.000000,0.319853,0.000000,0.000000,0.000000,2.248126,0.461778,1.725704,3.953022,0.000000,3.143359,0.000000
0.000000,0.000000,0.000000,0.000000,0.000000,0.000000,4.468773,3.293090,4.355461,2.226863,0.000000,0.000000,0.203475,0.000000,0.000000,0.000000,5.216511,1.963533,5.457119,0.000000,0.000000,0.000000,4.668709,1.560658,0.398269,4.913251,0.000000,1.096005,3.386868,0.000000,0.000000,2.818881,1.190171,0.000000,0.000000,0.051126,0.000000,0.000000,0.000000,0.800101,0.000000,0.000000,0.473232,3.168662,0.965980,2.420370,4.439408,1.175476,4.150631,0.000000
0.000000,0.000000,0.000000,0.000000,0.000000,0.000000,5.302305,3.125132,3.912370,2.395829,0.000000,0.000000,0.000000,0.000000,0.000000,0.000000,6.744033,3.106805,5.472729,0.000000,0.000000,0.000000,5.363193,2.637494,0.000000,5.883700,0.000000,1.617118,2.406873,1.148284,0.000000,3.984572,0.000000,0.000000,1.005019,0.000000,0.000000,0.000000,0.000000,2.151198,0.000000,0.452527,0.000000,1.583917,0.000000,5.260482,4.608310,0.000000,5.241411,0.000000
0.000000,0.000000,0.000000,0.000000,0.000000,0.063259,5.634367,4.182856,6.560807,3.322871,0.000000,0.000000,0.086158,0.000000,0.000000,0.000000,8.409238,3.171610,7.655891,0.000000,0.000000,0.000000,6.564183,3.151997,0.000000,9.374738,0.000000,3.012352,4.354524,1.638865,0.000000,5.745194,0.000000,0.000000,1.761729,0.000000,0.000000,0.000000,0.000000,2.095517,0.000000,0.845131,0.000000,4.268545,0.000000,7.033712,5.249089,0.000000,7.088882,0.443372
0.000000,0.000000,0.000000,0.000000,0.000000,0.000000,5.155120,3.249614,5.734976,2.800798,0.000000,0.000000,0.517652,0.000000,0.000000,0.000000,6.609848,2.189396,7.011182,0.000000,0.000000,0.000000,6.457845,2.358458,0.000000,6.209015,0.000000,0.950499,3.676296,1.384471,0.000000,2.909559,0.408957,0.000000,0.000000,0.000000,0.000000,0.000000,0.000000,1.251408,0.000000,0.000000,0.000000,3.394182,0.024128,3.507030,4.997936,0.000000,5.100572,0.108808
0.000000,0.000000,0.000000,0.000000,0.000000,1.279504,3.618052,3.082675,4.896250,1.728969,0.000000,0.000000,0.991230,0.000000,0.000000,0.000000,4.854037,2.179575,5.383754,0.000000,0.000000,0.000000,4.206804,2.562879,0.388118,4.743667,0.000000,1.774181,0.931643,0.162832,0.000000,1.275373,0.584137,0.000000,0.694003,1.009502,0.000000,0.000000,0.000000,0.000000,0.000000,0.000000,0.385998,2.906368,1.030783,3.007991,2.413717,2.582946,3.618899,0.000000
0.028386,0.000000,0.000000,0.000000,0.000000,1.229295,2.833250,2.688201,3.934105,0.844702,0.000000,0.000000,0.000000,0.000000,0.000000,0.000000,4.219981,1.513302,5.248883,0.003838,0.000000,0.000000,3.864941,1.875120,0.000000,3.112594,0.000000,2.392045,1.214925,0.357152,0.000000,0.887458,1.572193,0.000000,0.000000,0.000000,0.000000,0.000000,0.000000,0.000000,0.000000,0.000000,0.000000,2.342149,1.355276,2.979958,3.450856,1.539988,3.670386,0.000000
0.000000,0.000000,0.679627,0.000000,0.000000,0.155922,3.863375,1.198299,2.541082,0.633554,0.000000,0.000000,0.183196,0.000000,0.000000,0.000000,3.857373,2.037925,4.889918,0.049461,0.000000,0.000000,3.087600,1.317409,0.000000,3.193172,0.000000,1.698989,0.816581,1.049641,0.000000,1.035272,1.093165,0.000000,0.000000,0.000000,0.000000,0.000000,0.000000,0.082442,0.000000,0.000000,0.000000,2.055380,0.841759,2.785257,2.831206,1.155596,3.889346,0.000000
0.000000,0.000000,0.000000,0.000000,0.000000,0.395043,5.071720,4.460484,6.595562,3.342583,0.000000,0.000000,0.591466,0.000000,0.000000,0.000000,8.624575,3.730969,8.657493,0.000000,0.000000,0.000000,8.192368,3.155182,0.000000,9.279366,0.000000,2.159248,4.116961,1.916602,0.000000,5.779108,0.000000,0.000000,1.507130,0.000000,0.000000,0.000000,0.000000,1.361513,0.000000,0.495260,0.000000,3.416343,0.000000,6.172215,6.675299,0.000000,7.616148,0.000000
0.000000,0.000000,0.000000,0.000000,0.000000,0.000000,4.991897,3.365554,5.189942,2.267565,0.000000,0.000000,0.033671,0.000000,0.000000,0.000000,6.067955,2.773493,7.031898,0.000000,0.000000,0.000000,6.011555,2.083200,0.000000,5.231290,0.000000,1.868401,3.727809,0.638957,0.000000,3.462933,1.092995,0.000000,0.000000,0.000000,0.000000,0.000000,0.000000,1.638195,0.000000,0.000000,0.000000,2.790921,0.000000,3.112393,4.786483,0.000000,5.074345,0.000000
0.000000,0.000000,0.000000,0.000000,0.000000,0.000000,5.817830,3.711101,5.617778,2.361840,0.000000,0.000000,0.224156,0.000000,0.000000,0.000000,6.963116,3.193862,7.878145,0.000000,0.000000,0.000000,6.686280,2.504475,0.000000,6.080689,0.000000,1.656330,4.069942,1.125421,0.000000,3.555885,0.996226,0.000000,0.358441,0.000000,0.000000,0.000000,0.000000,1.434330,0.000000,0.000000,0.000000,2.868797,0.000000,3.647691,5.024678,0.000000,5.568126,0.000000
0.000000,0.000000,0.000000,0.000000,0.000000,0.268722,5.864427,4.688260,7.559405,3.757901,0.000000,0.000000,0.281589,0.000000,0.000000,0.000000,9.564975,3.706144,9.269525,0.000000,0.000000,0.000000,8.036160,3.739325,0.000000,10.436715,0.000000,3.301792,5.119163,2.135848,0.000000,6.316070,0.000000,0.000000,2.102971,0.000000,0.000000,0.000000,0.000000,1.833782,0.000000,0.904180,0.000000,4.881774,0.000000,7.989525,6.507092,0.000000,7.632730,0.318207
0.000000,0.000000,0.000000,0.000000,0.000000,0.030665,6.234516,4.990493,7.482021,3.611052,0.000000,0.000000,0.396833,0.000000,0.000000,0.000000,9.637940,3.606786,9.594345,0.000000,0.000000,0.000000,8.235935,3.688359,0.000000,10.231065,0.000000,3.021883,4.856891,1.930583,0.000000,6.065503,0.000000,0.000000,1.774421,0.000000,0.000000,0.000000,0.000000,1.961704,0.000000,0.737414,0.000000,4.679508,0.000000,7.955828,6.968106,0.000000,7.795911,0.000000
0.000000,0.000000,0.000000,0.000000,0.000000,0.800962,5.734596,5.028578,6.551075,3.061572,0.000000,0.000000,0.962071,0.000000,0.000000,0.000000,7.733603,2.817624,8.059153,0.000000,0.000000,0.000000,6.463861,3.084318,0.000000,6.929949,0.000000,1.515784,4.294796,0.296317,0.000000,4.313449,0.458876,0.000000,0.000000,0.000000,0.000000,0.000000,0.000000,1.315714,0.000000,0.000000,0.000000,4.837603,0.827341,4.007941,5.633537,0.016129,6.197424,0.000000
0.000000,0.000000,0.000000,0.000000,0.000000,0.534635,3.170698,3.383632,3.554060,2.235266,0.000000,0.000000,0.497047,0.000000,0.000000,0.000000,5.035656,1.710926,4.788519,0.000000,0.000000,0.000000,4.229943,1.462026,0.000000,3.961169,0.000000,0.876987,3.382076,0.845178,0.000000,2.092137,0.397911,0.000000,0.000000,0.031041,0.000000,0.000000,0.000000,0.611119,0.000000,0.000000,0.000000,3.072339,0.514824,2.030716,3.887484,0.000000,2.675127,0.000000
0.000000,0.000000,0.000000,0.000000,0.000000,0.890994,3.561464,2.989371,5.218994,2.036547,0.000000,0.000000,1.099129,0.000000,0.000000,0.000000,4.842869,1.965897,5.816203,0.000000,0.000000,0.000000,4.407449,1.998128,0.000000,4.782802,0.000000,1.590086,1.946384,0.130961,0.000000,1.833938,0.871688,0.000000,0.982672,0.000000,0.000000,0.000000,0.000000,0.250053,0.000000,0.000000,0.026508,2.862907,0.113898,2.654934,3.068007,0.000000,3.446269,0.000000
0.000000,0.000000,0.000000,0.000000,0.000000,0.143497,4.432273,3.133697,3.803377,2.010067,0.000000,0.000000,0.225654,0.000000,0.000000,0.000000,5.391565,1.676775,5.239711,0.000000,0.000000,0.000000,3.854248,1.811148,0.000000,4.890284,0.000000,1.372963,2.363184,0.846153,0.000000,1.428452,0.804814,0.000000,0.000000,0.710529,0.000000,0.000000,0.000000,0.598424,0.000000,0.000000,0.000000,3.116019,1.020381,3.236686,4.216403,2.062361,4.383399,0.000000
0.000000,0.000000,0.000000,0.000000,0.000000,0.101793,5.523083,3.371523,5.150291,2.266440,0.000000,0.000000,0.000000,0.000000,0.000000,0.000000,6.138371,2.563298,7.550334,0.000000,0.000000,0.000000,5.789471,2.865745,0.000000,5.578874,0.000000,1.212496,3.003006,0.981414,0.000000,3.038174,0.897167,0.000000,0.268702,0.000000,0.000000,0.000000,0.000000,0.806857,0.000000,0.000000,0.000000,3.316384,0.000000,2.858466,4.669633,0.000000,4.728942,0.000000
0.000000,0.000000,0.000000,0.000000,0.000000,0.636722,5.884827,4.421753,5.677044,2.873359,0.000000,0.000000,0.318162,0.000000,0.000000,0.000000,7.383024,2.876944,8.243104,0.000000,0.000000,0.000000,6.699469,2.945881,0.000000,6.427361,0.000000,1.557732,3.606397,1.362265,0.000000,3.842555,0.804899,0.000000,0.655043,0.000000,0.000000,0.000000,0.000000,1.091082,0.000000,0.000000,0.000000,4.415156,0.000000,3.833528,5.439112,0.000000,5.510649,0.000000
0.000000,0.000000,0.000000,0.000000,0.000000,1.444031,5.449397,6.017029,6.885257,3.473522,0.000000,0.000000,1.296541,0.000000,0.000000,0.000000,7.829677,2.959566,8.910090,0.000000,0.000000,0.000000,7.399287,3.601635,0.000000,7.439044,0.000000,1.627259,4.555301,1.063360,0.000000,5.331355,0.532616,0.000000,0.513740,0.000000,0.000000,0.000000,0.000000,1.639965,0.000000,0.000000,0.000000,5.645410,0.068108,4.687653,6.097537,0.000000,6.569869,0.000000
0.000000,0.000000,0.000000,0.000000,0.000000,1.172078,5.041220,5.818821,6.368095,3.243953,0.000000,0.000000,1.462840,0.000000,0.000000,0.000000,7.671023,2.913892,8.249690,0.000000,0.000000,0.000000,7.231857,3.095258,0.000000,7.198692,0.000000,1.752142,4.586570,1.141803,0.000000,5.127546,0.495372,0.000000,0.495845,0.000000,0.000000,0.000000,0.000000,1.808401,0.000000,0.000000,0.000000,5.254651,0.130820,4.707198,5.749961,0.000000,6.353880,0.000000
0.000000,0.000000,0.000000,0.000000,0.000000,0.000000,5.557605,3.448068,4.920453,2.393280,0.000000,0.000000,0.000000,0.000000,0.000000,0.000000,6.185686,2.902922,7.510296,0.000000,0.000000,0.000000,6.219424,2.891034,0.000000,5.752130,0.000000,1.159814,3.517271,0.935055,0.000000,3.396581,1.004503,0.000000,0.322918,0.000000,0.000000,0.000000,0.000000,0.957023,0.000000,0.000000,0.000000,3.269664,0.000000,2.851895,4.806160,0.000000,4.740468,0.000000
0.000000,0.000000,0.000000,0.000000,0.000000,0.129976,2.923256,2.588922,3.425019,1.794136,0.000000,0.000000,0.000000,0.000000,0.000000,0.000000,4.264547,1.780427,4.172647,0.000000,0.000000,0.000000,3.850135,0.745035,0.898051,2.831264,0.000000,1.141802,2.465009,0.000000,0.000000,1.252230,1.769444,0.000000,0.000000,0.101397,0.000000,0.000000,0.000000,0.237934,0.000000,0.000000,0.000000,2.049912,0.376582,1.482124,3.965584,0.000000,2.503871,0.000000
0.000000,0.000000,0.000000,0.000000,0.000000,0.943661,4.544050,3.995384,5.290560,2.787660,0.000000,0.000000,0.450667,0.000000,0.000000,0.000000,6.507594,2.647910,6.696036,0.000000,0.000000,0.000000,6.621059,2.033189,0.000000,4.839238,0.000000,1.260286,3.665038,0.660806,0.000000,2.974701,1.363329,0.000000,0.000000,0.000000,0.000000,0.000000,0.000000,0.818981,0.000000,0.000000,0.000000,3.614452,0.122045,2.838098,5.511930,0.000000,4.246402,0.000000
0.000000,0.000000,0.000000,0.000000,0.000000,0.155000,4.386530,2.803771,4.331882,1.920214,0.000000,0.000000,0.204327,0.000000,0.000000,0.000000,4.992481,2.121311,5.883707,0.000000,0.000000,0.000000,4.468073,1.865953,0.000000,4.280106,0.000000,1.555780,1.889922,0.244219,0.000000,1.850912,0.552925,0.000000,0.000000,0.000000,0.000000,0.000000,0.000000,1.078676,0.000000,0.000000,0.000000,2.517980,0.442251,2.777441,3.572393,0.000000,3.700036,0.000000
0.000000,0.000000,0.000000,0.000000,0.000000,0.000000,1.726186,1.180857,1.597267,0.932360,0.000000,0.000000,0.000000,0.000000,0.000000,0.782528,2.511544,0.833156,2.712148,0.000000,0.000000,0.114788,2.222985,0.985815,0.000000,2.958987,0.000000,1.239049,1.927254,0.160207,0.000000,2.446861,0.000000,0.000000,1.040670,0.000000,0.000000,0.000000,0.000000,0.579864,0.000000,0.000000,0.237699,0.444441,0.108540,2.874785,1.259427,0.000000,3.234208,0.000000
0.000000,0.000000,0.000000,0.000000,0.000000,1.324550,6.689133,5.450503,8.233866,3.528212,0.000000,0.000000,0.493298,0.000000,0.000000,0.000000,9.109422,3.238180,10.479964,0.000000,0.000000,0.000000,7.928926,3.982867,0.000000,8.447556,0.000000,2.420697,4.675408,1.836815,0.000000,5.113721,0.651973,0.000000,0.828808,0.000000,0.000000,0.000000,0.000000,1.101592,0.000000,0.000000,0.000000,5.798191,0.000000,5.941222,6.375441,0.000000,7.008009,0.000000
0.000000,0.000000,0.000000,0.000000,0.000000,0.942032,4.780478,3.209709,5.525843,2.359836,0.000000,0.000000,0.308426,0.000000,0.000000,0.000000,6.070088,2.698468,6.815265,0.000000,0.000000,0.000000,5.253485,2.803405,0.000000,5.853979,0.000000,2.257125,2.658026,0.395066,0.000000,3.115945,0.115933,0.000000,0.733886,0.000000,0.000000,0.000000,0.000000,0.964075,0.000000,0.000000,0.000000,3.231243,0.000000,4.262499,3.764502,0.000000,4.879351,0.194848
0.000000,0.000000,6.361215,5.658008,6.254811,0.000000,0.000000,0.000000,0.000000,1.768564,0.000000,0.000000,0.000000,2.382733,0.000000,0.000000,0.000000,0.000000,0.000000,4.106665,0.000000,0.000000,0.000000,0.000000,3.404443,0.000000,0.000000,0.965929,0.000000,0.000000,3.960897,0.000000,7.771003,6.013857,0.000000,7.734531,0.000000,0.000000,0.000000,0.000000,0.000000,0.000000,4.687950,0.000000,2.888551,0.000000,0.000000,12.426838,0.000000,0.000000
0.000000,0.000000,5.783052,5.605165,6.618986,0.000000,0.000000,0.000000,0.000000,1.731005,0.000000,0.000000,0.000000,2.295299,0.000000,0.000000,0.000000,0.000000,0.000000,4.241925,0.000000,0.000000,0.000000,0.108403,3.054130,0.000000,0.000000,0.678013,0.000000,0.000000,4.187869,0.000000,7.180272,5.486399,0.000000,7.647901,0.000000,0.000000,0.067449,0.000000,0.000000,0.000000,5.093494,0.000000,3.296739,0.000000,0.000000,11.809004,0.000000,0.000000
0.000000,0.000000,8.340701,7.461898,7.163374,0.000000,0.000000,0.000000,0.000000,0.928958,0.000000,0.000000,0.000000,3.113744,0.000000,0.000000,0.000000,0.000000,0.000000,4.665346,0.000000,0.000000,0.000000,0.000000,4.546244,0.000000,0.000000,0.474909,0.000000,0.000000,5.628613,0.000000,9.882682,7.236228,0.000000,9.630263,0.000000,0.000000,0.000000,0.000000,0.000000,0.000000,6.785402,0.000000,3.433374,0.000000,0.000000,16.005022,0.000000,0.000000
0.000000,0.000000,5.666111,6.177927,6.018564,0.000000,0.000000,0.000000,0.000000,1.407560,0.000000,0.000000,0.000000,2.706342,0.000000,0.000000,0.000000,0.000000,0.000000,3.545563,0.000000,0.000000,0.000000,0.000000,2.562247,0.000000,0.000000,0.630972,0.000000,0.000000,4.230710,0.000000,7.057682,5.026527,0.000000,7.170489,0.000000,0.000000,0.000000,0.000000,0.000000,0.000000,5.090178,0.000000,2.859898,0.000000,0.000000,10.123863,0.000000,0.000000
0.000000,0.000000,8.892525,8.698500,8.504408,0.000000,0.000000,0.000000,0.000000,1.321536,0.000000,0.000000,0.000000,4.422353,0.000000,0.000000,0.000000,0.000000,0.000000,4.778350,0.000000,0.000000,0.000000,0.738178,3.567093,0.000000,0.000000,1.234170,0.000000,0.000000,6.079773,0.064605,12.018600,6.941083,0.000000,11.385132,0.000000,0.000000,0.000000,0.000000,0.000000,0.000000,7.639584,0.000000,3.707359,0.000000,0.000000,16.185093,0.000000,0.000000
0.000000,0.000000,6.994356,7.511974,6.729171,0.000000,0.000000,0.000000,0.000000,1.082147,0.000000,0.000000,0.000000,2.870300,0.000000,0.000000,0.000000,0.000000,0.000000,3.595768,0.000000,0.000000,0.000000,0.000000,4.738964,0.000000,0.000000,1.087558,0.000000,0.000000,4.395487,0.000000,7.987524,5.556379,0.000000,8.250411,0.000000,0.000000,0.001257,0.000000,0.000000,0.000000,6.308296,0.000000,2.614964,0.000000,0.000000,12.500787,0.000000,0.000000
0.000000,0.000000,6.705282,6.521689,5.975060,0.000000,0.000000,0.000000,0.000000,0.316430,0.000000,0.000000,0.000000,3.281623,0.000000,0.000000,0.000000,0.000000,0.000000,2.687734,0.000000,0.000000,0.000000,0.000000,3.730681,0.000000,0.000000,1.689506,0.000000,0.000000,5.153079,0.000000,6.993001,4.274909,0.000000,7.387406,0.000000,0.000000,0.175298,0.000000,0.000000,0.000000,5.698592,0.000000,2.515912,0.000000,0.000000,10.899542,0.000000,0.000000
0.000000,0.000000,7.082433,6.231943,6.757480,0.000000,0.000000,0.000000,0.000000,1.796015,0.000000,0.000000,0.000000,2.736143,0.000000,0.000000,0.000000,0.000000,0.000000,2.601276,0.000000,0.000000,0.000000,0.000000,4.488688,0.000000,0.000000,0.789367,0.000000,0.000000,4.553131,0.000000,7.846028,6.018828,0.000000,7.865666,0.000000,0.000000,0.000000,0.000000,0.000000,0.000000,6.147107,0.000000,2.979192,0.000000,0.000000,11.871387,0.000000,0.000000
0.000000,0.000000,10.254028,8.582071,8.203648,0.000000,0.000000,0.000000,0.000000,0.990863,0.000000,0.000000,0.000000,4.016964,0.000000,0.000000,0.000000,0.000000,0.000000,5.371081,0.000000,0.000000,0.000000,0.000000,6.268244,0.000000,0.000000,0.122939,0.000000,0.000000,6.525345,0.000000,11.484708,7.720003,0.000000,11.508121,0.000000,0.000000,0.000000,0.000000,0.000000,0.000000,8.459249,0.000000,3.690514,0.000000,0.000000,18.161421,0.000000,0.000000
0.000000,0.030661,4.187029,4.507911,3.252006,0.000000,0.000000,0.000000,0.000000,0.000000,0.000000,0.000000,0.000000,2.467647,0.000000,0.000000,0.000000,0.000000,0.000000,1.922802,0.000000,0.000000,0.000000,0.000000,4.594949,0.000000,0.000000,0.000000,0.000000,0.000000,3.497497,0.000000,5.562760,3.765557,0.000000,5.832860,0.000000,0.000000,0.000000,0.000000,0.000000,0.000000,4.158099,0.000000,2.628533,0.000000,0.000000,8.270826,0.000000,0.000000
0.000000,0.000000,4.818360,3.964429,3.705442,0.000000,0.000000,0.000000,0.000000,1.167991,0.000000,0.000000,0.000000,1.732367,0.000000,0.000000,0.000000,0.000000,0.000000,3.172221,0.000000,0.000000,0.000000,0.000000,3.502530,0.000000,0.000000,0.000000,0.000000,0.000000,3.074083,0.166877,5.409075,3.753830,0.000000,5.247718,0.000000,0.000000,0.000000,0.000000,0.000000,0.000000,2.549662,0.208931,2.644310,0.000000,0.000000,9.029997,0.000000,0.000000
0.000000,0.000000,3.536351,2.551399,2.021001,0.000000,0.000000,0.000000,0.000000,0.299750,0.000000,0.000000,0.000000,1.067409,0.000000,0.000000,0.000000,0.206911,0.000000,2.077959,0.000000,0.000000,0.000000,0.000000,1.614781,0.000000,0.000000,0.465747,0.000000,0.000000,2.122785,0.011375,3.694861,2.387234,0.000000,3.081296,0.000000,0.000000,0.000000,0.000000,0.000000,0.000000,1.739112,0.034978,1.029100,0.003882,0.000000,5.535650,0.261931,0.000000
0.000000,0.000000,10.557226,9.689847,9.197549,0.000000,0.000000,0.000000,0.000000,2.087220,0.000000,0.000000,0.000000,5.019074,0.000000,0.000000,0.000000,0.000000,0.000000,5.344768,0.000000,0.000000,0.000000,0.000000,5.719235,0.000000,0.000000,1.004579,0.000000,0.000000,6.235010,0.000000,11.983312,7.714684,0.000000,12.000873,0.000000,0.000000,0.000000,0.000000,0.000000,0.000000,8.938301,0.000000,3.804577,0.000000,0.000000,18.146458,0.000000,0.000000
0.000000,0.000000,5.742723,5.395396,4.889596,0.000000,0.000000,0.000000,0.000000,0.744368,0.000000,0.000000,0.000000,2.455171,0.000000,0.000000,0.000000,0.000000,0.000000,2.569818,0.000000,0.000000,0.000000,0.000000,3.096067,0.000000,0.000000,1.635756,0.000000,0.000000,4.295242,0.000000,5.552152,3.974428,0.000000,5.910822,0.000000,0.000000,0.000000,0.000000,0.000000,0.000000,3.868802,0.000000,2.391628,0.000000,0.000000,9.271910,0.000000,0.000000
0.000000,0.000000,4.337747,3.444192,3.463068,0.000000,0.000000,0.000000,0.000000,0.848978,0.000000,0.000000,0.000000,1.369929,0.000000,0.000000,0.000000,0.422515,0.000000,1.209560,0.000000,0.000000,0.000000,0.000000,2.251076,0.096650,0.000000,1.330516,0.000000,0.000000,2.916803,0.000000,4.711540,2.527694,0.000000,4.071513,0.000000,0.000000,0.000000,0.000000,0.000000,0.000000,3.086904,0.000000,2.026695,0.000000,0.000000,5.878775,0.233229,0.000000
0.000000,0.000000,4.126632,4.310877,3.938797,0.000000,0.000000,0.000000,0.000000,0.549360,0.000000,0.000000,0.000000,1.727503,0.000000,0.000000,0.000000,0.000000,0.000000,2.294909,0.000000,0.000000,0.000000,0.000000,3.334404,0.000000,0.000000,1.228060,0.000000,0.000000,3.795242,0.000000,5.103790,3.598425,0.000000,5.187779,0.000000,0.000000,0.000000,0.000000,0.000000,0.000000,3.249788,0.000000,1.872875,0.000000,0.000000,8.911084,0.000000,0.000000
0.000000,0.000000,3.782090,2.680632,4.075511,0.000000,0.000000,0.000000,0.345779,1.755231,0.000000,0.000000,0.000000,1.814159,0.000000,0.000000,0.590532,0.417484,0.000000,1.090556,0.000000,0.000000,0.433159,0.661908,0.000000,0.353815,0.000000,0.000000,0.000000,0.000000,2.435957,0.049839,5.688376,2.883852,0.000000,5.623094,0.000000,0.000000,0.000000,0.000000,0.000000,0.000000,2.800994,0.000000,1.684188,0.219448,0.000000,6.573685,0.412382,0.000000
0.000000,0.000000,6.804796,6.847116,6.417558,0.000000,0.000000,0.000000,0.000000,1.522709,0.000000,0.000000,0.000000,2.598672,0.000000,0.000000,0.000000,0.000000,0.000000,3.449371,0.000000,0.000000,0.000000,0.000000,4.701295,0.000000,0.000000,0.744375,0.000000,0.000000,4.737589,0.000000,8.463129,5.362017,0.000000,8.720404,0.000000,0.000000,0.000000,0.000000,0.000000,0.000000,6.347378,0.000000,3.224763,0.000000,0.000000,12.533638,0.000000,0.000000
0.000000,0.000000,9.393083,8.145999,7.325629,0.000000,0.000000,0.000000,0.000000,1.259516,0.000000,0.000000,0.000000,3.361501,0.000000,0.000000,0.000000,0.000000,0.000000,3.871639,0.000000,0.000000,0.000000,0.000000,5.067216,0.000000,0.000000,2.237081,0.000000,0.000000,5.828781,0.000000,8.783364,5.404971,0.000000,8.178110,0.000000,0.000000,0.375894,0.000000,0.000000,0.000000,6.295958,0.000000,2.255503,0.000000,0.000000,14.064971,0.000000,0.000000
0.000000,0.000000,3.171922,2.528832,3.338626,0.000000,0.000000,0.000000,1.003114,2.062058,0.000000,0.000000,0.000000,1.138336,0.000000,0.000000,0.318199,0.056381,0.121003,1.461609,0.000000,0.000000,0.349394,0.379227,1.737134,0.512803,0.000000,0.402077,0.086000,0.000000,2.207365,0.124360,5.033101,2.829792,0.000000,5.171048,0.000000,0.000000,0.000000,0.000000,0.000000,0.000000,2.954082,0.000000,2.363060,0.000000,0.000000,6.751906,0.245492,0.000000
0.000000,0.000000,8.188092,8.235028,7.659005,0.000000,0.000000,0.000000,0.000000,1.027465,0.000000,0.000000,0.000000,3.160737,0.000000,0.000000,0.000000,0.000000,0.000000,5.341704,0.000000,0.000000,0.000000,0.000000,4.171343,0.000000,0.000000,0.978977,0.000000,0.000000,5.581375,0.000000,9.487227,6.596387,0.000000,9.813237,0.000000,0.000000,0.000000,0.000000,0.000000,0.000000,7.180059,0.000000,3.349787,0.000000,0.000000,14.993163,0.000000,0.000000
0.000000,0.000000,3.465230,4.914516,4.365944,0.000000,0.000000,0.000000,0.000000,0.658856,0.000000,0.000000,0.000000,1.127618,0.000000,0.000000,0.000000,0.000000,0.000000,2.252722,0.000000,0.000000,0.000000,0.000000,2.736952,0.000000,0.000000,0.332978,0.000000,0.000000,2.813987,0.000000,5.153984,4.020033,0.000000,5.635715,0.000000,0.000000,0.000000,0.000000,0.000000,0.000000,4.052900,0.000000,1.409313,0.000000,0.000000,7.570913,0.000000,0.000000
0.000000,0.000000,10.828171,10.359531,10.081825,0.000000,0.000000,0.000000,0.000000,1.873628,0.000000,0.000000,0.000000,3.927860,0.000000,0.000000,0.000000,0.000000,0.000000,7.246455,0.000000,0.000000,0.000000,0.071346,5.864396,0.000000,0.000000,1.570598,0.000000,0.000000,7.182803,0.000000,11.732074,8.861488,0.000000,11.957193,0.000000,0.000000,0.126479,0.000000,0.000000,0.000000,8.335002,0.000000,3.622621,0.000000,0.000000,19.596066,0.000000,0.000000
0.000000,0.000000,6.080266,6.416934,5.497370,0.000000,0.000000,0.000000,0.000000,1.191882,0.000000,0.000000,0.000000,2.777817,0.000000,0.000000,0.000000,0.000000,0.000000,3.950314,0.000000,0.000000,0.000000,0.000000,3.540048,0.000000,0.000000,0.290840,0.000000,0.000000,4.372276,0.021702,9.037032,6.035634,0.000000,8.824202,0.000000,0.000000,0.000000,0.000000,0.000000,0.000000,5.519821,0.000000,2.787531,0.000000,0.000000,12.670773,0.000000,0.000000
0.000000,0.000000,5.568607,5.989251,5.325495,0.000000,0.000000,0.000000,0.000000,1.125857,0.000000,0.000000,0.000000,3.095955,0.000000,0.000000,0.000000,0.000000,0.000000,3.864691,0.000000,0.000000,0.000000,0.000000,3.103697,0.000000,0.000000,0.273079,0.000000,0.000000,3.975980,0.173897,8.775867,5.875593,0.000000,8.624784,0.000000,0.000000,0.000000,0.000000,0.000000,0.000000,5.160826,0.000000,3.058435,0.000000,0.000000,12.433510,0.000000,0.000000
0.392133,0.000000,0.940101,2.831357,0.881077,0.000000,0.000000,0.487960,0.000000,0.640884,0.000000,0.000000,0.000000,0.000000,0.000000,0.000000,0.000000,0.206521,0.000000,3.496194,0.000000,0.000000,0.000000,0.000000,2.724657,0.000000,0.000000,0.191879,0.172935,0.000000,1.457936,0.174371,4.337113,3.024107,0.000000,1.523774,0.000000,0.000000,0.001253,0.230083,0.000000,0.000000,3.089890,0.000000,2.264323,0.000000,0.075063,4.011444,0.126228,0.000000
0.000000,0.238500,5.377141,5.671731,4.138295,0.000000,0.000000,0.000000,0.000000,0.223495,0.000000,0.000000,0.000000,2.552163,0.220831,0.000000,0.000000,0.000000,0.000000,2.168504,0.000000,0.000000,0.000000,0.000000,3.870492,0.000000,0.000000,1.387833,0.000000,0.000000,3.723392,0.000000,6.344193,3.626362,0.000000,6.326807,0.000000,0.000000,0.000000,0.000000,0.000000,0.000000,3.791580,0.000000,2.365098,0.000000,0.000000,9.904716,0.025413,0.000000
0.000000,0.000000,4.915927,5.488131,5.308360,0.000000,0.000000,0.000000,0.000000,1.212422,0.000000,0.000000,0.000000,2.358863,0.000000,0.000000,0.000000,0.000000,0.000000,2.929777,0.000000,0.000000,0.000000,0.261078,3.173138,0.000000,0.000000,0.676808,0.000000,0.000000,3.322739,0.000000,6.622744,4.597147,0.000000,6.857841,0.000000,0.000000,0.000000,0.000000,0.000000,0.000000,4.060681,0.000000,2.699465,0.000000,0.000000,10.993007,0.864920,0.000000
0.000000,0.000000,3.508028,3.875088,3.374616,0.000000,0.000000,0.000000,0.000000,1.162191,0.000000,0.000000,0.000000,0.810366,0.000000,0.000000,0.000000,0.000000,0.000000,2.541161,0.000000,0.000000,0.157251,0.000000,2.313922,0.000000,0.000000,0.000000,0.185835,0.000000,2.885115,0.158131,5.349182,3.539846,0.000000,5.805624,0.000000,0.000000,0.000000,0.000000,0.000000,0.000000,3.220080,0.852154,2.170976,0.000000,0.000000,7.992932,0.000000,0.000000
0.000000,0.000000,3.059035,2.541289,3.136043,0.000000,0.197675,0.000000,0.257714,0.708551,0.000000,0.000000,0.000000,1.489463,0.000000,0.000000,0.633488,0.037455,0.134726,1.856027,0.000000,0.000000,0.000000,0.000000,1.850447,0.000000,0.000000,1.302303,0.000000,0.000000,2.446552,0.000000,3.730645,3.160705,0.000000,3.696014,0.000000,0.000000,0.000000,0.000000,0.000000,0.000000,2.574827,0.241016,1.750980,0.000000,0.000000,6.422965,0.000000,0.000000
0.000000,0.000000,4.357517,4.940207,4.534751,0.000000,0.000000,0.000000,0.000000,0.096925,0.000000,0.000000,0.000000,1.447799,0.000000,0.000000,0.000000,0.000000,0.000000,2.743870,0.000000,0.000000,0.000000,0.000000,4.249217,0.000000,0.000000,0.891003,0.000000,0.000000,4.144813,0.000000,5.860550,3.626047,0.000000,6.942192,0.000000,0.000000,0.000000,0.000000,0.000000,0.000000,4.460695,0.000000,2.202460,0.000000,0.000000,10.195604,0.000000,0.000000
0.000000,0.000000,3.360324,3.639636,3.631693,0.000000,0.000000,0.000000,0.998937,0.438038,0.000000,0.000000,0.000000,2.307010,0.000000,0.000000,0.000000,0.000000,0.027930,0.992380,0.000000,0.000000,0.000000,0.000000,3.805250,0.000000,0.000000,0.597002,0.000000,0.000000,2.167682,0.000000,4.964466,2.816347,0.000000,5.390209,0.000000,0.000000,0.000000,0.000000,0.000000,0.000000,4.188492,0.000000,2.430417,0.000000,0.000000,7.978863,0.165391,0.000000
0.000000,0.000000,7.638942,7.328537,6.321079,0.000000,0.000000,0.000000,0.000000,0.307127,0.000000,0.000000,0.000000,2.183038,0.000000,0.000000,0.000000,0.000000,0.000000,4.115421,0.000000,0.000000,0.000000,0.000000,4.782010,0.000000,0.000000,1.275386,0.000000,0.000000,5.462723,0.000000,7.962998,5.470554,0.000000,7.814576,0.000000,0.000000,0.464813,0.000000,0.000000,0.000000,5.375832,0.000000,1.851289,0.000000,0.000000,13.243161,0.000000,0.000000
0.000000,0.000000,2.512616,3.363147,3.334032,0.000000,0.000000,0.000000,0.000000,0.834991,0.000000,0.000000,0.000000,0.000000,0.000000,0.000000,0.000000,0.000000,0.000000,1.735080,0.000000,0.000000,0.000000,0.000000,1.556673,0.000000,0.000000,0.008924,0.508310,0.226313,2.176434,0.685498,4.325755,2.575612,0.000000,4.559684,0.000000,0.000000,0.000000,0.000000,0.000000,0.000000,2.731182,0.000000,0.697236,0.000000,0.000000,4.447481,0.000000,0.000000
0.000000,0.000000,3.664389,3.355732,4.130489,0.000000,0.000000,0.000000,0.028808,2.204153,0.000000,0.000000,0.000000,1.785396,0.000000,0.000000,0.000000,0.000000,0.000000,1.506539,0.000000,0.000000,0.000000,0.032163,2.545640,0.235536,0.000000,1.216829,0.000000,0.000000,3.059882,0.000000,5.561815,4.313013,0.000000,5.865348,0.000000,0.000000,0.000000,0.000000,0.000000,0.000000,3.036496,0.065317,2.553530,0.034946,0.000000,8.940598,0.000000,0.000000
0.000000,0.000000,4.130326,5.518470,4.214381,0.000000,0.000000,0.000000,0.000000,1.044450,0.000000,0.000000,0.000000,1.951734,0.000000,0.000000,0.000000,0.000000,0.000000,1.308549,0.000000,0.000000,0.000000,0.000000,3.572298,0.000000,0.000000,1.154536,0.000000,0.000000,3.293424,0.000000,5.088212,3.404981,0.000000,5.905433,0.000000,0.000000,0.000000,0.000000,0.000000,0.000000,4.298222,0.000000,1.949730,0.000000,0.000000,7.995215,0.000000,0.000000
0.000000,0.000000,2.315763,2.419495,3.115856,0.000000,0.285967,0.000000,0.859229,1.370801,0.000000,0.000000,0.000000,0.994228,0.000000,0.000000,0.631244,0.000000,0.224259,1.021746,0.000000,0.000000,0.487116,0.364671,1.899725,0.765891,0.000000,0.715277,0.000000,0.000000,1.862165,0.000000,4.538671,3.379673,0.000000,5.089142,0.000000,0.000000,0.000000,0.000000,0.000000,0.000000,2.354526,0.000000,2.519320,0.000000,0.000000,8.046077,1.205844,0.000000
0.000000,0.000000,5.919379,6.514372,5.470987,0.000000,0.000000,0.000000,0.000000,0.000000,0.000000,0.000000,0.000000,2.214547,0.000000,0.000000,0.000000,0.000000,0.000000,3.549181,0.000000,0.000000,0.000000,0.000000,4.521079,0.000000,0.000000,0.046631,0.000000,0.000000,4.781644,0.000000,7.283196,5.363459,0.000000,7.753997,0.000000,0.000000,0.000000,0.000000,0.000000,0.000000,5.664490,0.000000,2.249249,0.000000,0.000000,11.569322,0.000000,0.000000
0.000000,0.000000,2.670811,4.296109,3.756724,0.000000,0.000000,0.000000,0.560140,1.332408,0.000000,0.000000,0.000000,1.853476,0.000000,0.000000,0.000000,0.000000,0.000000,1.651204,0.000000,0.000000,0.000000,0.000000,3.312351,0.052946,0.000000,1.037227,0.000000,0.000000,2.793582,0.000000,5.392940,4.272635,0.000000,6.946442,0.000000,0.000000,0.000000,0.000000,0.000000,0.000000,3.690549,0.454304,2.892441,0.000000,0.000000,9.488103,0.000000,0.000000
0.000000,0.000000,3.253970,3.312588,4.070449,0.000000,0.000000,0.000000,0.275723,2.128785,0.000000,0.000000,0.000000,1.050487,0.000000,0.000000,0.350092,0.052821,0.000000,1.073640,0.000000,0.000000,0.534222,0.251544,1.452188,0.405442,0.000000,0.131945,0.234897,0.000000,2.733286,0.000000,5.303007,2.467285,0.000000,5.403017,0.000000,0.000000,0.000000,0.000000,0.000000,0.000000,2.827859,0.000000,2.079377,0.000000,0.000000,6.671976,0.183863,0.000000
0.000000,0.000000,4.422094,4.249110,4.229980,0.000000,0.000000,0.000000,0.000000,0.890986,0.000000,0.000000,0.000000,1.000569,0.000000,0.000000,0.000000,0.000000,0.000000,2.488026,0.000000,0.000000,0.000000,0.000000,3.421938,0.000000,0.000000,0.807952,0.000000,0.000000,2.977058,0.000000,4.628881,4.010947,0.000000,5.148377,0.000000,0.000000,0.000000,0.000000,0.000000,0.000000,3.971359,0.000000,1.403835,0.000000,0.000000,8.264263,0.000000,0.000000
0.000000,0.000000,3.284837,3.813606,2.678891,0.000000,0.000000,0.287696,0.000000,0.678591,0.000000,0.000000,0.000000,1.134182,0.000000,0.000000,0.000000,0.494672,0.102288,1.492485,0.000000,0.000000,0.000000,0.000000,2.917439,0.000000,0.000000,0.835244,0.000000,0.000000,2.261424,0.000000,4.321191,2.121848,0.000000,4.216694,0.000000,0.000000,0.000000,0.000000,0.000000,0.000000,3.524035,0.000000,1.816856,0.000000,0.000000,4.865286,0.000000,0.000000
0.000000,0.000000,3.182544,3.229611,3.684221,0.000000,0.059622,0.000000,0.266656,0.958787,0.000000,0.000000,0.000000,0.855758,0.000000,0.000000,0.337969,0.000000,0.000000,2.149505,0.000000,0.000000,0.000000,0.000000,2.816499,0.000000,0.000000,0.227494,0.000000,0.000000,1.973895,0.000000,4.193079,3.250793,0.000000,4.405692,0.000000,0.000000,0.000000,0.000000,0.000000,0.000000,3.261968,0.000000,2.040084,0.000000,0.000000,6.995774,0.274223,0.000000
0.000000,0.000000,7.808994,8.790580,7.529263,0.000000,0.000000,0.000000,0.000000,1.236701,0.000000,0.000000,0.000000,3.126318,0.000000,0.000000,0.000000,0.000000,0.000000,4.278678,0.000000,0.000000,0.000000,0.000000,5.943418,0.000000,0.000000,1.722031,0.000000,0.000000,5.633630,0.000000,9.251490,6.755472,0.000000,10.030919,0.000000,0.000000,0.000000,0.000000,0.000000,0.000000,7.727319,0.000000,3.066264,0.000000,0.000000,14.963780,0.000000,0.000000
0.000000,0.000000,4.784890,5.280952,4.754987,0.000000,0.000000,0.000000,0.000000,0.557220,0.000000,0.000000,0.000000,1.875516,0.000000,0.000000,0.000000,0.000000,0.000000,2.451992,0.000000,0.000000,0.000000,0.000000,3.643146,0.000000,0.000000,1.039569,0.000000,0.000000,3.472051,0.000000,5.805840,4.445321,0.000000,5.948419,0.000000,0.000000,0.000000,0.000000,0.000000,0.000000,4.442025,0.000000,1.744682,0.000000,0.000000,9.685276,0.000000,0.000000
0.000000,0.000000,8.261405,8.340971,7.156472,0.000000,0.000000,0.000000,0.000000,2.480646,0.000000,0.000000,0.000000,2.843759,0.000000,0.000000,0.000000,0.000000,0.000000,4.237389,0.000000,0.000000,0.000000,0.000000,4.888406,0.000000,0.000000,2.261615,0.000000,0.000000,5.504658,0.000000,8.525757,6.773241,0.000000,8.306004,0.000000,0.000000,0.000000,0.000000,0.000000,0.000000,5.683854,0.000000,2.904119,0.000000,0.000000,13.578568,0.000000,0.000000
0.000000,0.000000,5.605433,5.326985,5.301259,0.000000,0.000000,0.000000,0.000000,1.716241,0.000000,0.000000,0.000000,2.653197,0.000000,0.000000,0.000000,0.000000,0.000000,2.826842,0.000000,0.000000,0.000000,0.000000,2.593334,0.000000,0.000000,0.325929,0.000000,0.000000,3.431482,0.000000,6.881891,4.697193,0.000000,6.957948,0.000000,0.000000,0.000000,0.000000,0.000000,0.000000,4.370571,0.000000,2.807610,0.000000,0.000000,10.629013,0.000000,0.000000
0.000000,0.000000,7.325578,7.677741,7.558234,0.000000,0.000000,0.000000,0.000000,2.542683,0.000000,0.000000,0.000000,3.195870,0.000000,0.000000,0.000000,0.000000,0.000000,4.415386,0.000000,0.000000,0.000000,0.935507,3.301660,0.000000,0.000000,1.160623,0.000000,0.000000,4.876514,0.000000,8.394608,6.467578,0.000000,9.270383,0.000000,0.000000,0.259367,0.000000,0.000000,0.000000,6.445726,0.000000,3.303902,0.000000,0.000000,13.293219,0.000000,0.000000
0.000000,0.000000,8.380355,7.247146,7.142958,0.000000,0.000000,0.000000,0.000000,1.378722,0.000000,0.000000,0.000000,3.561474,0.000000,0.000000,0.000000,0.000000,0.000000,4.303502,0.000000,0.000000,0.000000,0.000000,4.455144,0.000000,0.000000,1.922877,0.000000,0.000000,5.865474,0.000000,9.436564,6.357157,0.000000,9.451789,0.000000,0.000000,0.000000,0.000000,0.000000,0.000000,5.780277,0.000000,3.548928,0.000000,0.000000,16.138535,0.000000,0.000000
0.000000,0.000000,4.340981,3.821666,4.748940,0.000000,0.282399,0.000000,0.000000,1.787503,0.000000,0.000000,0.000000,1.937175,0.000000,0.000000,0.114860,0.000000,0.000000,2.886468,0.000000,0.000000,0.000000,0.566840,2.717566,0.000000,0.000000,1.421865,0.000000,0.000000,2.807393,0.000000,5.826119,4.692760,0.000000,6.458969,0.000000,0.000000,0.000000,0.000000,0.000000,0.000000,3.568120,0.000000,2.438066,0.000000,0.000000,10.612992,0.662480,0.000000
0.000000,0.000000,5.568157,5.471265,5.377189,0.000000,0.000000,0.000000,0.000000,1.212338,0.000000,0.000000,0.000000,2.107121,0.000000,0.000000,0.000000,0.000000,0.000000,3.564458,0.000000,0.000000,0.000000,0.000000,3.002872,0.000000,0.000000,0.992234,0.000000,0.000000,3.962840,0.000000,6.354577,5.295868,0.000000,6.460803,0.000000,0.000000,0.000000,0.000000,0.000000,0.000000,4.190369,0.000000,2.592825,0.000000,0.000000,10.522074,0.000000,0.000000
0.000000,0.000000,8.668843,7.447759,7.168848,0.000000,0.000000,0.000000,0.000000,1.800833,0.000000,0.000000,0.000000,3.484322,0.000000,0.000000,0.000000,0.000000,0.000000,4.610297,0.000000,0.000000,0.000000,0.000000,4.921908,0.000000,0.000000,0.371660,0.000000,0.000000,5.859483,0.000000,9.380374,6.781616,0.000000,10.170813,0.000000,0.000000,0.000108,0.000000,0.000000,0.000000,6.459650,0.000000,3.404591,0.000000,0.000000,16.112473,0.000000,0.000000
0.000000,0.000000,3.572615,4.273018,4.318152,0.000000,0.000000,0.000000,0.000000,1.723397,0.000000,0.000000,0.000000,1.991970,0.000000,0.000000,0.000000,0.000000,0.000000,1.064980,0.000000,0.000000,0.000000,0.000000,3.734997,0.000000,0.000000,1.173131,0.075346,0.000000,3.032870,0.000000,5.424098,3.409532,0.000000,5.883397,0.000000,0.000000,0.000000,0.000000,0.000000,0.000000,4.212864,0.000000,2.678524,0.000000,0.000000,7.475954,0.000000,0.000000
0.000000,0.000000,5.366937,5.172996,5.375604,0.000000,0.000000,0.000000,0.000000,1.174919,0.000000,0.000000,0.000000,2.343651,0.000000,0.000000,0.000000,0.000000,0.000000,3.344499,0.000000,0.000000,0.000000,0.224761,2.525010,0.000000,0.000000,1.100834,0.000000,0.000000,4.075427,0.000000,6.242145,4.809630,0.000000,6.752004,0.000000,0.000000,0.200326,0.000000,0.000000,0.000000,4.548883,0.000000,2.402212,0.000000,0.000000,10.407529,0.000000,0.000000
0.000000,0.000000,3.867594,2.364203,1.616492,0.000000,0.000000,0.000000,0.000000,0.671118,0.000000,0.000000,0.000000,1.208819,0.000000,0.000000,0.171197,0.262851,0.000000,1.257519,0.000000,0.000000,0.000000,0.000000,2.619792,0.000000,0.000000,0.000000,0.000000,0.000000,2.210466,0.000000,3.697446,2.115816,0.000000,2.650543,0.000000,0.000000,0.000000,0.000000,0.000000,0.000000,1.915555,0.083345,1.981359,0.000000,0.166879,4.846580,0.621587,0.000000
0.000000,0.000000,4.327256,4.356284,4.737265,0.000000,0.000000,0.000000,0.000000,1.585656,0.000000,0.000000,0.000000,1.915316,0.000000,0.000000,0.000000,0.000000,0.000000,2.406870,0.000000,0.000000,0.000000,0.010255,2.086596,0.000000,0.000000,0.498182,0.000000,0.000000,3.155740,0.000000,5.813310,4.230094,0.000000,5.826497,0.000000,0.000000,0.049553,0.000000,0.000000,0.000000,3.649830,0.000000,2.974111,0.000000,0.000000,8.170302,0.000000,0.000000
0.000000,0.000000,3.534281,2.987871,2.876849,0.000000,0.581379,0.000000,0.000000,0.911275,0.000000,0.000000,0.000000,0.000000,0.000000,0.000000,0.000000,0.000000,0.000000,2.385243,0.000000,0.000000,0.000000,0.000000,2.903337,0.169803,0.000000,1.224949,0.000000,0.000000,2.361213,0.000000,4.776001,3.599498,0.000000,4.046147,0.000000,0.000000,0.580175,0.000000,0.000000,0.000000,2.389429,0.248835,2.020497,0.000000,0.084149,7.697981,0.898110,0.000000
0.000000,0.177702,3.724055,3.882978,2.657725,0.000000,0.000000,0.000000,0.197222,0.000000,0.000000,0.000000,0.000000,1.967326,0.000000,0.000000,0.000000,0.231829,0.000000,2.072379,0.000000,0.000000,0.000000,0.000000,4.617740,0.000000,0.000000,0.354588,0.022230,0.000000,3.191539,0.000000,5.267832,3.351465,0.000000,5.698565,0.000000,0.000000,0.000000,0.000000,0.000000,0.000000,4.094218,0.000000,2.046349,0.000000,0.000000,7.909225,0.000000,0.000000
0.000000,0.000000,5.089256,4.032647,3.917892,0.000000,0.000000,0.000000,0.000000,1.128046,0.000000,0.000000,0.000000,2.203421,0.000000,0.000000,0.000000,0.000000,0.000000,1.463598,0.000000,0.000000,0.000000,0.000000,2.468903,0.000000,0.000000,1.512934,0.000000,0.000000,3.384598,0.000000,5.074483,2.846080,0.000000,4.753394,0.000000,0.000000,0.000000,0.000000,0.000000,0.000000,3.542753,0.000000,2.409110,0.000000,0.000000,7.053547,0.000000,0.000000
0.000000,0.000000,4.583154,3.848333,3.941807,0.000000,0.000000,0.000000,0.000000,1.130494,0.000000,0.000000,0.000000,1.586423,0.000000,0.000000,0.000000,0.000000,0.000000,2.964613,0.000000,0.000000,0.000000,0.000000,3.522264,0.000000,0.000000,0.000000,0.000000,0.000000,3.310864,0.020143,5.219699,3.994262,0.000000,5.569100,0.000000,0.000000,0.000000,0.000000,0.000000,0.000000,2.948539,0.168206,2.351415,0.000000,0.000000,9.675264,0.000000,0.000000
0.000000,0.000000,6.013628,5.931615,5.986589,0.000000,0.000000,0.000000,0.000000,1.616306,0.000000,0.000000,0.000000,2.401658,0.000000,0.000000,0.000000,0.000000,0.000000,2.721639,0.000000,0.000000,0.000000,0.000000,3.536019,0.000000,0.000000,1.141262,0.000000,0.000000,3.652652,0.000000,6.957138,4.871476,0.000000,6.555556,0.000000,0.000000,0.000000,0.000000,0.000000,0.000000,4.413134,0.000000,2.514706,0.000000,0.000000,10.317349,0.000000,0.000000
0.000000,0.000000,6.775184,7.368633,6.456762,0.000000,0.000000,0.000000,0.000000,1.193809,0.000000,0.000000,0.000000,3.213669,0.000000,0.000000,0.000000,0.000000,0.000000,3.105222,0.000000,0.000000,0.000000,0.000000,4.933690,0.000000,0.000000,2.007135,0.000000,0.000000,4.866183,0.000000,7.562018,5.061422,0.000000,8.413570,0.000000,0.000000,0.320128,0.000000,0.000000,0.000000,5.981489,0.000000,2.460837,0.000000,0.000000,13.220140,0.000000,0.000000
0.000000,0.000000,8.624960,8.437740,8.100474,0.000000,0.000000,0.000000,0.000000,2.169917,0.000000,0.000000,0.000000,3.574272,0.000000,0.000000,0.000000,0.000000,0.000000,4.538488,0.000000,0.000000,0.000000,0.000000,4.327083,0.000000,0.000000,0.629828,0.000000,0.000000,5.422051,0.000000,10.299898,6.746375,0.000000,10.565004,0.000000,0.000000,0.000000,0.000000,0.000000,0.000000,7.513726,0.000000,3.395766,0.000000,0.000000,14.775416,0.000000,0.000000
0.000000,0.000000,5.822364,6.435298,5.960074,0.000000,0.000000,0.000000,0.000000,1.382070,0.000000,0.000000,0.000000,2.257135,0.000000,0.000000,0.000000,0.000000,0.000000,2.948007,0.000000,0.000000,0.000000,0.000000,3.432888,0.000000,0.000000,0.655807,0.000000,0.000000,4.257552,0.000000,7.552474,5.005560,0.000000,7.441116,0.000000,0.000000,0.000000,0.000000,0.000000,0.000000,4.710395,0.000000,2.892136,0.000000,0.000000,11.483474,0.000000,0.000000
0.000000,0.000000,2.282244,2.551262,3.091006,0.000000,0.000000,0.000000,0.000000,0.994604,0.000000,0.000000,0.000000,0.000000,0.000000,0.000000,0.000000,0.029342,0.000000,2.181415,0.000000,0.000000,0.032318,0.184834,2.381034,0.000000,0.000000,0.543037,0.000000,0.000000,1.795328,0.025350,4.696417,3.007031,0.000000,4.492223,0.000000,0.000000,0.000000,0.000000,0.000000,0.000000,3.125614,0.000000,1.868019,0.000000,0.000000,5.977397,0.440031,0.000000
0.000000,0.000000,7.041453,5.974870,6.205866,0.000000,0.000000,0.000000,0.000000,1.496605,0.000000,0.000000,0.000000,2.813493,0.000000,0.000000,0.000000,0.000000,0.000000,4.183249,0.000000,0.000000,0.000000,0.000000,4.168099,0.000000,0.000000,1.782050,0.000000,0.000000,5.280216,0.000000,7.718988,6.115330,0.000000,7.931409,0.000000,0.000000,0.000000,0.000000,0.000000,0.000000,5.070549,0.000000,3.097287,0.000000,0.000000,13.436318,0.000000,0.000000
0.000000,0.107695,4.065476,3.394194,2.739816,0.000000,0.000000,0.000000,0.000000,0.115895,0.000000,0.000000,0.000000,1.200909,0.000000,0.000000,0.000000,0.288190,0.000000,2.750295,0.000000,0.000000,0.000000,0.000000,2.042281,0.000000,0.000000,0.728971,0.000000,0.000000,2.718185,0.065877,4.744148,2.993015,0.000000,4.266018,0.000000,0.000000,0.000000,0.000000,0.000000,0.000000,2.605114,0.000000,0.846062,0.000000,0.000000,6.687000,0.000000,0.000000
0.000000,0.000000,3.789089,4.109723,3.891317,0.000000,0.000000,0.000000,0.000000,0.972377,0.000000,0.000000,0.000000,1.316636,0.000000,0.000000,0.000000,0.000000,0.000000,1.860377,0.000000,0.000000,0.000000,0.053557,3.225813,0.000000,0.000000,1.707640,0.000000,0.000000,2.693472,0.000000,3.845828,3.091865,0.000000,4.222404,0.000000,0.000000,0.000000,0.000000,0.000000,0.000000,2.591410,0.000000,1.668278,0.000000,0.000000,7.870287,0.000000,0.000000
0.000000,0.000000,5.596830,6.023348,7.043764,0.000000,0.000000,0.000000,0.000000,2.087442,0.000000,0.000000,0.000000,3.319693,0.000000,0.000000,0.000000,0.000000,0.000000,3.880752,0.000000,0.000000,0.000000,0.810475,1.231382,0.000000,0.000000,0.775483,0.000000,0.000000,3.603830,0.000000,8.202640,6.143023,0.000000,9.014078,0.000000,0.000000,0.000000,0.000000,0.000000,0.000000,4.653877,0.000000,2.933577,0.000000,0.000000,11.953230,0.329093,0.000000
0.000000,0.000000,3.852796,3.832030,3.474101,0.000000,0.000000,0.000000,0.000000,1.088874,0.000000,0.000000,0.000000,0.700722,0.000000,0.000000,0.000000,0.000000,0.000000,1.300235,0.000000,0.000000,0.000000,0.000000,3.506524,0.000000,0.000000,0.541810,0.000000,0.000000,2.558231,0.000000,4.854403,2.750599,0.000000,4.442587,0.000000,0.000000,0.000000,0.000000,0.000000,0.000000,3.424017,0.000000,1.985340,0.000000,0.000000,5.927903,0.000000,0.000000
0.000000,0.000000,3.390226,2.777362,2.711015,0.000000,0.000000,0.127702,0.112053,0.991337,0.000000,0.000000,0.000000,1.035967,0.000000,0.000000,0.256753,0.000000,0.000000,2.533840,0.000000,0.000000,0.457468,0.000000,2.097452,0.089303,0.000000,0.000000,0.700594,0.000000,2.627634,0.307452,4.875917,3.032197,0.000000,5.232033,0.000000,0.000000,0.000000,0.000000,0.000000,0.000000,2.677736,1.559164,1.763445,0.000000,0.230344,7.520142,0.386396,0.000000
0.000000,0.000000,7.001627,7.330669,6.127676,0.000000,0.000000,0.000000,0.000000,1.430460,0.000000,0.000000,0.000000,2.511292,0.000000,0.000000,0.000000,0.000000,0.000000,3.617677,0.000000,0.000000,0.000000,0.000000,5.193888,0.000000,0.000000,0.843652,0.000000,0.000000,4.903121,0.000000,8.221824,5.929389,0.000000,7.826172,0.000000,0.000000,0.005854,0.000000,0.000000,0.000000,5.385143,0.000000,3.084172,0.000000,0.000000,12.448332,0.000000,0.000000
0.000000,0.000000,6.835903,7.110539,5.907373,0.000000,0.000000,0.000000,0.000000,1.329030,0.000000,0.000000,0.000000,2.633745,0.000000,0.000000,0.000000,0.000000,0.000000,3.388475,0.000000,0.000000,0.000000,0.000000,5.155690,0.000000,0.000000,0.917938,0.000000,0.000000,4.575170,0.000000,7.973011,5.581140,0.000000,7.754308,0.000000,0.000000,0.000000,0.000000,0.000000,0.000000,5.121567,0.000000,3.149772,0.000000,0.000000,12.438404,0.000000,0.000000
0.000000,0.000000,7.145049,7.645848,7.318237,0.000000,0.000000,0.000000,0.000000,0.622912,0.000000,0.000000,0.000000,3.189706,0.000000,0.000000,0.000000,0.000000,0.000000,3.177957,0.000000,0.000000,0.000000,0.000000,5.205454,0.000000,0.000000,1.311997,0.000000,0.000000,5.447727,0.000000,8.392550,6.498824,0.000000,8.960108,0.000000,0.000000,0.000000,0.000000,0.000000,0.000000,6.910115,0.000000,2.553291,0.000000,0.000000,13.970961,0.000000,0.000000
0.000000,0.000000,3.283423,3.458611,3.055216,0.000000,0.000000,0.368930,0.850621,2.103179,0.000000,0.000000,0.511220,1.027275,0.000000,0.000000,0.507253,0.000000,0.000000,2.347087,0.000000,0.000000,0.029418,0.054725,2.440428,0.808365,0.000000,0.000000,0.000000,0.000000,1.977965,0.000000,5.396823,4.237714,0.000000,5.321163,0.000000,0.000000,0.000000,0.000000,0.000000,0.000000,2.781141,0.490880,2.800078,0.000000,0.000000,8.333054,0.806259,0.000000
0.000000,0.000000,5.064797,5.194121,4.459527,0.000000,0.000000,0.000000,0.000000,0.000000,0.000000,0.000000,0.000000,2.375836,0.000000,0.000000,0.000000,0.000000,0.000000,2.333911,0.000000,0.000000,0.000000,0.000000,3.460068,0.000000,0.000000,1.050802,0.000000,0.000000,4.294920,0.000000,5.692530,4.154735,0.000000,5.905877,0.000000,0.000000,0.000000,0.000000,0.000000,0.000000,4.939144,0.000000,2.350720,0.000000,0.000000,8.640195,0.000000,0.000000
0.000000,0.000000,5.804415,7.138558,5.479638,0.000000,0.000000,0.000000,0.000000,1.202277,0.000000,0.000000,0.000000,1.927099,0.000000,0.000000,0.000000,0.000000,0.000000,3.077352,0.000000,0.000000,0.000000,0.000000,4.188082,0.000000,0.000000,0.947801,0.000000,0.000000,4.759684,0.000000,6.662456,4.236930,0.000000,7.671523,0.000000,0.000000,0.000000,0.000000,0.000000,0.000000,5.280900,0.000000,2.714914,0.000000,0.000000,10.710858,0.000000,0.000000
0.000000,0.000000,6.630809,5.834953,6.533139,0.000000,0.000000,0.000000,0.000000,1.127039,0.000000,0.000000,0.000000,2.683352,0.000000,0.000000,0.000000,0.000000,0.000000,3.561049,0.000000,0.000000,0.000000,0.184200,3.682055,0.000000,0.000000,2.125669,0.000000,0.000000,5.006590,0.000000,7.862562,6.004004,0.000000,7.919491,0.000000,0.000000,0.000000,0.000000,0.000000,0.000000,4.718327,0.000000,3.059855,0.000000,0.000000,14.837000,0.000000,0.000000
0.000000,0.000000,3.988076,4.347701,4.106447,0.000000,0.000000,0.000000,0.000000,0.578705,0.000000,0.000000,0.000000,1.972193,0.000000,0.000000,0.000000,0.000000,0.000000,2.120330,0.000000,0.000000,0.000000,0.000000,1.786452,0.000000,0.000000,1.283675,0.000000,0.000000,3.484604,0.000000,4.696436,3.144611,0.000000,4.992336,0.000000,0.000000,0.000000,0.000000,0.000000,0.000000,3.585767,0.000000,1.983417,0.000000,0.000000,6.709676,0.000000,0.000000
0.000000,0.000000,4.168022,2.557250,1.755734,0.000000,0.033873,0.000000,0.000000,0.007826,0.000000,0.000000,0.000000,0.341940,0.000000,0.000000,0.000000,0.000000,0.000000,1.583396,0.000000,0.000000,0.000000,0.000000,3.169688,0.000000,0.000000,0.563617,0.000000,0.000000,2.046219,0.000000,3.649408,1.742266,0.000000,2.185777,0.000000,0.000000,0.060131,0.000000,0.000000,0.000000,2.204875,0.000000,1.308928,0.000000,0.000000,5.552098,0.417961,0.000000
0.000000,0.000000,2.606195,2.623605,3.805189,0.000000,0.000000,0.000000,0.010688,1.292998,0.000000,0.000000,0.000000,1.836937,0.000000,0.000000,0.730762,0.000000,0.000000,2.461230,0.000000,0.000000,0.000000,0.450905,1.305881,0.000000,0.000000,1.218869,0.000000,0.000000,2.051566,0.000000,4.087009,3.987875,0.000000,5.748959,0.000000,0.000000,0.000000,0.000000,0.000000,0.000000,3.197787,0.000000,2.069438,0.000000,0.000000,7.424332,0.325952,0.000000
0.000000,0.000000,7.225304,7.588470,7.129034,0.000000,0.000000,0.000000,0.000000,0.964708,0.000000,0.000000,0.000000,3.398624,0.000000,0.000000,0.000000,0.000000,0.000000,3.517296,0.000000,0.000000,0.000000,0.000000,3.495087,0.000000,0.000000,1.832376,0.000000,0.000000,5.397153,0.000000,7.776916,5.799992,0.000000,8.310524,0.000000,0.000000,0.000000,0.000000,0.000000,0.000000,5.277890,0.000000,3.189015,0.000000,0.000000,12.781934,0.000000,0.000000
0.000000,0.000000,6.363782,6.111007,7.052520,0.000000,0.000000,0.000000,0.000000,2.318553,0.000000,0.000000,0.000000,2.773428,0.000000,0.000000,0.000000,0.000000,0.000000,3.569128,0.000000,0.000000,0.000000,0.000000,2.674143,0.000000,0.000000,1.230409,0.000000,0.000000,4.055478,0.000000,7.628507,5.444970,0.000000,7.310082,0.000000,0.000000,0.000000,0.000000,0.000000,0.000000,4.339508,0.000000,3.753721,0.000000,0.000000,11.342739,0.000000,0.000000
0.000000,0.000000,7.260976,7.562841,6.965105,0.000000,0.000000,0.000000,0.000000,1.908579,0.000000,0.000000,0.000000,2.958570,0.000000,0.000000,0.000000,0.000000,0.000000,3.832084,0.000000,0.000000,0.000000,0.000000,5.125026,0.000000,0.000000,1.534594,0.000000,0.000000,4.781767,0.000000,8.508485,6.306135,0.000000,8.985831,0.000000,0.000000,0.000000,0.000000,0.000000,0.000000,5.925653,0.000000,2.857517,0.000000,0.000000,14.148713,0.000000,0.000000
0.000000,0.000000,12.809491,10.556137,11.431755,0.000000,0.000000,0.000000,0.000000,1.312610,0.000000,0.000000,0.000000,4.841043,0.000000,0.000000,0.000000,0.000000,0.000000,7.513499,0.000000,0.000000,0.000000,0.000000,5.550245,0.000000,0.000000,2.208888,0.000000,0.000000,7.582205,0.000000,13.027380,8.906662,0.000000,12.637076,0.000000,0.000000,0.123204,0.000000,0.000000,0.000000,9.454759,0.000000,3.102975,0.000000,0.000000,21.017435,0.000000,0.000000
0.000000,0.000000,3.827426,4.146770,3.716732,0.000000,0.000000,0.000000,0.000000,1.422731,0.000000,0.000000,0.000000,1.839085,0.000000,0.000000,0.127476,0.000000,0.000000,1.238848,0.000000,0.000000,0.000000,0.000000,2.344159,0.000000,0.000000,0.794585,0.000000,0.000000,2.576303,0.000000,5.075101,3.665355,0.000000,5.039444,0.000000,0.000000,0.000000,0.000000,0.000000,0.000000,3.548270,0.000000,2.347300,0.000000,0.000000,7.140646,0.140395,0.000000
0.000000,0.000000,2.539982,4.523653,3.743235,0.000000,0.000000,0.173304,0.291527,1.267921,0.000000,0.000000,0.000000,1.648690,0.000000,0.000000,0.000000,0.000000,0.000000,1.851653,0.000000,0.000000,0.000000,0.000000,3.230086,0.000000,0.000000,0.173215,0.000000,0.000000,2.756731,0.000000,5.629104,2.957638,0.000000,5.876151,0.000000,0.000000,0.000000,0.000000,0.000000,0.000000,3.360758,0.000000,2.300771,0.000000,0.000000,6.849459,0.083173,0.000000
0.000000,0.000000,10.323029,10.169632,9.921021,0.000000,0.000000,0.000000,0.000000,2.105824,0.000000,0.000000,0.000000,4.105224,0.000000,0.000000,0.000000,0.000000,0.000000,5.811227,0.000000,0.000000,0.000000,0.000000,5.485193,0.000000,0.000000,1.680677,0.000000,0.000000,6.584433,0.000000,11.800952,8.784184,0.000000,12.106120,0.000000,0.000000,0.000000,0.000000,0.000000,0.000000,8.879727,0.000000,4.415953,0.000000,0.000000,18.801582,0.000000,0.000000
0.000000,0.000000,4.795234,5.670804,5.852658,0.000000,0.000000,0.000000,0.000000,1.311207,0.000000,0.000000,0.000000,1.877633,0.000000,0.000000,0.000000,0.000000,0.000000,3.693492,0.000000,0.000000,0.000000,0.000000,3.867785,0.000000,0.000000,0.000000,0.000000,0.000000,3.942777,0.000000,7.969069,6.461895,0.000000,8.653239,0.000000,0.000000,0.000000,0.000000,0.000000,0.000000,4.831182,0.000000,3.531420,0.000000,0.000000,11.824174,0.000000,0.000000
0.000000,0.000000,3.226332,4.412953,3.269333,0.000000,0.000000,0.741999,0.072488,1.493806,0.000000,0.000000,0.000000,1.885759,0.000000,0.000000,0.573105,0.000000,0.000000,1.857475,0.000000,0.000000,0.000000,0.000000,2.610562,0.000000,0.000000,1.038777,0.000000,0.000000,2.637294,0.000000,4.899698,3.978860,0.000000,5.633789,0.000000,0.000000,0.000000,0.000000,0.000000,0.000000,3.837418,0.397688,2.379335,0.000000,0.000000,7.537013,0.000000,0.000000
0.000000,0.000000,3.607254,3.965292,3.300965,0.000000,0.000000,0.000000,0.000000,0.796586,0.000000,0.000000,0.000000,1.785650,0.000000,0.000000,0.000000,0.000000,0.000000,2.798575,0.000000,0.000000,0.000000,0.000000,1.461456,0.000000,0.000000,0.749191,0.000000,0.000000,3.062554,0.000000,5.080033,3.898817,0.000000,5.591222,0.000000,0.000000,0.000000,0.000000,0.000000,0.000000,3.137218,0.000000,1.976446,0.000000,0.000000,6.506940,0.000000,0.000000
0.000000,0.000000,2.789437,3.690408,4.297791,0.000000,0.000000,0.000000,0.599903,0.455779,0.000000,0.000000,0.000000,1.268637,0.000000,0.000000,0.000000,0.000000,0.000000,0.844172,0.000000,0.000000,0.000000,0.000000,3.273795,0.000000,0.000000,0.000000,0.000000,0.000000,1.329786,0.000000,5.058371,4.458939,0.000000,4.270206,0.000000,0.000000,0.000000,0.000000,0.000000,0.000000,4.047085,0.000000,2.642292,0.000000,0.000000,5.995482,0.000000,0.000000
0.000000,0.000000,4.021806,5.029760,4.842517,0.000000,0.000000,0.000000,0.000000,1.649519,0.000000,0.000000,0.000000,1.913995,0.000000,0.000000,0.000000,0.000000,0.000000,1.804940,0.000000,0.000000,0.000000,0.025830,2.454713,0.000000,0.000000,0.973208,0.000000,0.000000,3.172315,0.000000,5.596924,4.288385,0.000000,6.635083,0.000000,0.000000,0.000000,0.000000,0.000000,0.000000,4.589235,0.000000,2.815336,0.000000,0.000000,7.730132,0.000000,0.000000
0.000000,0.000000,3.163255,3.706350,3.317572,0.000000,0.000000,0.000000,0.024889,1.348893,0.000000,0.000000,0.000000,1.404903,0.000000,0.000000,0.000000,0.000000,0.000000,0.357970,0.000000,0.000000,0.000000,0.000000,3.024924,0.000000,0.000000,1.380896,0.170347,0.000000,2.718270,0.000000,4.278522,2.246145,0.000000,4.858293,0.000000,0.000000,0.000000,0.000000,0.000000,0.000000,3.129255,0.000000,1.625979,0.000000,0.107115,6.049706,0.000000,0.000000
0.000000,0.000000,7.027060,7.025239,6.151068,0.000000,0.000000,0.000000,0.000000,0.998823,0.000000,0.000000,0.000000,2.512587,0.000000,0.000000,0.000000,0.000000,0.000000,3.167248,0.000000,0.000000,0.000000,0.000000,4.545359,0.000000,0.000000,1.522687,0.000000,0.000000,4.795252,0.000000,6.973479,4.840009,0.000000,7.241560,0.000000,0.000000,0.184545,0.000000,0.000000,0.000000,5.842762,0.000000,2.325062,0.000000,0.000000,11.251427,0.000000,0.000000
0.000000,0.000000,7.458828,7.756338,6.397377,0.000000,0.000000,0.000000,0.000000,0.506826,0.000000,0.000000,0.000000,2.757044,0.000000,0.000000,0.000000,0.000000,0.000000,3.660351,0.000000,0.000000,0.000000,0.000000,5.356143,0.000000,0.000000,0.722634,0.000000,0.000000,5.459411,0.000000,8.500131,5.651030,0.000000,8.434037,0.000000,0.000000,0.000000,0.000000,0.000000,0.000000,5.682680,0.000000,2.649888,0.000000,0.000000,13.983091,0.000000,0.000000
0.000000,0.000000,6.866778,6.940614,5.269463,0.000000,0.000000,0.000000,0.000000,0.419560,0.000000,0.000000,0.000000,3.212265,0.000000,0.000000,0.000000,0.000000,0.000000,3.334147,0.000000,0.000000,0.000000,0.000000,5.298906,0.000000,0.000000,1.285546,0.000000,0.000000,4.668247,0.000000,7.091558,4.510660,0.000000,7.073733,0.000000,0.000000,0.314507,0.000000,0.000000,0.000000,6.212490,0.000000,2.449738,0.000000,0.000000,10.964275,0.000000,0.000000
0.000000,0.000000,5.160225,4.491803,5.926126,0.000000,0.000000,0.000000,0.000000,1.158286,0.000000,0.000000,0.000000,2.805130,0.000000,0.000000,0.000000,0.000000,0.000000,3.066450,0.000000,0.000000,0.000000,0.741431,1.332921,0.000000,0.000000,1.500927,0.000000,0.000000,3.047248,0.000000,7.354362,4.840114,0.000000,7.418997,0.000000,0.000000,0.000000,0.000000,0.000000,0.000000,4.144465,0.000000,3.190426,0.000000,0.000000,11.671711,1.569826,0.000000
0.000000,0.191249,4.664571,5.221507,3.488099,0.000000,0.000000,0.000000,0.000000,0.000000,0.000000,0.000000,0.000000,2.700345,0.000000,0.000000,0.000000,0.000000,0.000000,2.401100,0.000000,0.000000,0.000000,0.000000,5.251564,0.000000,0.000000,0.213868,0.000000,0.000000,3.806551,0.000000,6.110363,3.906872,0.000000,6.431819,0.000000,0.000000,0.000000,0.000000,0.000000,0.000000,5.038465,0.000000,2.303334,0.000000,0.000000,8.817005,0.000000,0.000000
0.000000,0.000000,6.752468,7.888366,7.514882,0.000000,0.000000,0.000000,0.000000,1.827944,0.000000,0.000000,0.000000,2.288797,0.000000,0.000000,0.000000,0.000000,0.000000,5.663189,0.000000,0.000000,0.000000,0.000000,5.245822,0.000000,0.000000,0.330355,0.000000,0.000000,5.344970,0.000000,10.000509,8.593587,0.000000,11.014446,0.000000,0.000000,0.000000,0.000000,0.000000,0.000000,6.599035,0.000000,4.023816,0.000000,0.000000,16.414639,0.000000,0.000000
