0.000000,4.525926,0.000000,5.447746,1.205878,5.698741,6.672026,6.754410,0.864876,4.069292,0.670792,0.401428,1.459467,0.000000,5.382746,0.000000,0.000000,8.470373,0.000000,0.000000,0.000000,9.295216,0.000000,0.000000,0.000000,0.000000,0.000000,0.000000,2.559046,0.000000,0.000000,8.553420,0.000000,0.000000,0.000000,0.000000,0.000000,0.000000,3.753011,0.390583,0.487932,0.000000,0.000000,0.000000,0.000000,0.000000,3.147683,0.000000,0.000000,0.383376
0.382294,4.398358,0.000000,4.107007,1.665228,4.064832,5.569398,5.750602,0.428390,5.028376,0.923996,0.600473,0.000000,0.000000,3.702838,0.449849,0.704158,5.733674,0.000000,0.000000,0.000000,5.646872,0.000000,0.000000,0.000000,0.000000,0.000000,0.000000,2.227565,0.000000,0.000000,6.641146,0.000000,0.000000,0.000000,0.000000,0.000000,0.000000,2.576630,0.000000,0.418683,0.000000,0.408654,0.000000,0.000000,0.000000,3.457082,0.000000,0.000000,1.155338
0.000000,3.849905,0.000000,2.770474,0.875982,4.792224,5.108066,5.504053,0.150324,4.094934,0.860388,0.633734,1.111290,0.000000,4.128414,0.000000,0.000000,5.073855,0.026681,0.110042,0.000000,5.687482,0.000000,0.033523,0.000000,0.000000,0.000000,0.000000,1.889247,0.000000,0.000000,6.090006,0.000000,0.000000,0.000000,0.000000,0.000000,0.000000,1.878986,0.249284,0.256876,0.000000,0.000000,0.000000,0.000000,0.035628,2.351463,0.000000,0.000000,0.301911
0.000000,4.333810,0.000000,5.025299,2.165902,3.332639,4.793348,5.152428,0.581436,3.454861,0.891351,0.674094,0.000000,0.000000,4.213502,0.326395,0.980997,5.561410,0.000000,1.195439,0.000000,7.259901,0.000000,0.000000,0.000000,0.799793,0.000000,0.000000,2.493860,0.000000,0.000000,6.911481,0.000000,0.000000,0.220517,0.000000,0.000000,0.000000,2.363938,0.905109,0.628625,0.000000,1.421652,0.000000,0.000000,0.551074,2.906542,0.000000,0.000000,1.754000
0.158134,5.613818,0.000000,5.777722,2.704561,4.373487,5.620453,6.851429,0.525367,4.292219,0.759297,0.000000,0.000000,0.000000,4.436116,0.250599,1.445764,6.866733,0.000000,0.275568,0.000000,8.819002,0.000000,0.438861,0.000000,0.000000,0.000000,0.000000,2.646540,0.000000,0.000000,8.768400,0.000000,0.000000,0.889197,0.000000,0.000000,0.000000,2.106271,0.000000,0.554168,0.000000,1.798775,0.000000,0.000000,0.194334,3.460770,0.000000,0.000000,2.306672
0.000000,7.183982,0.000000,7.150396,2.695946,6.817730,8.393293,10.650326,1.847529,5.700443,0.056082,0.000000,0.000000,0.000000,6.338332,0.438237,0.339034,11.229263,0.000000,0.000000,0.000000,12.296291,0.000000,0.199586,0.000000,0.000000,0.000000,0.000000,1.712055,0.000000,0.000000,11.462005,0.000000,0.000000,0.651277,0.000000,0.000000,0.000000,2.611831,0.000000,0.583019,0.000000,1.154927,0.000000,0.000000,0.000000,4.990423,0.000000,0.000000,1.813492
0.000000,8.600492,0.000000,8.914111,4.013583,6.022571,7.696249,10.272393,0.893746,6.320788,0.000000,0.000000,0.000000,0.000000,5.824923,1.883637,3.775719,11.429184,0.000000,2.537684,0.000000,12.652121,0.000000,0.738327,0.108548,1.104310,0.000000,0.000000,3.196526,0.000000,0.000000,10.985200,0.000000,0.000000,2.613503,0.000000,0.000000,0.000000,4.046707,0.000000,1.065251,0.000000,3.813746,0.000000,0.000000,0.076872,5.404477,0.000000,0.000000,2.216646
0.000000,2.478254,0.000000,3.868735,1.301996,3.925245,4.014620,4.362757,0.000000,2.827490,0.676039,0.556229,0.873345,0.000000,3.859512,0.000000,0.489172,4.525895,1.053786,0.000000,0.000000,6.585503,0.000000,0.000000,0.000000,0.000000,0.000000,0.000000,1.733952,0.000000,0.000000,4.949031,0.000000,0.000000,0.000000,0.000000,1.110815,0.000000,1.167574,0.693838,0.748207,0.000000,0.000000,0.000000,0.000000,0.000000,2.103136,0.000000,0.000000,1.268707
0.000000,5.142598,0.000000,4.330307,2.293153,5.212071,4.977548,6.386500,1.835984,4.536046,0.569192,0.836689,0.130071,0.000000,4.851515,2.505597,1.327724,7.133820,0.000000,2.954257,0.000000,6.351758,1.592179,0.000000,0.000000,1.773890,0.000000,0.000000,2.765948,0.000000,1.343353,6.554997,0.000000,0.000000,0.208189,0.000000,1.215111,0.000000,3.654890,2.564773,0.504066,0.000000,1.687142,0.000000,0.000000,1.421470,3.874927,0.000000,0.231109,1.796176
0.000000,2.531936,0.000000,3.560521,1.054051,3.999158,5.126069,4.321054,0.106199,3.401581,0.609229,0.240908,0.998800,0.000000,4.099838,0.000000,0.000000,4.968046,0.000000,0.802321,0.000000,5.345288,0.000000,0.000000,0.000000,0.000000,0.000000,0.000000,2.272183,0.000000,0.179451,5.213684,0.000000,0.000000,0.000000,0.000000,0.600711,0.000000,2.515266,2.105881,0.837432,0.000000,0.000000,0.000000,0.000000,1.289035,1.254863,0.000000,0.000000,0.000000
0.000000,3.910797,0.000000,6.374704,1.920865,5.317467,6.098719,7.201888,0.743752,3.490769,0.718306,0.000000,0.038289,0.000000,5.310617,0.000000,0.018982,6.549806,0.000000,0.181755,0.000000,8.772182,0.000000,1.059624,0.000000,0.000000,0.000000,0.000000,2.607498,0.000000,0.000000,8.178602,0.000000,0.000000,0.000000,0.000000,0.000000,0.000000,2.688416,0.000000,0.453691,0.000000,0.193175,0.000000,0.000000,0.000000,2.776314,0.000000,0.000000,0.833668
1.428672,3.858000,0.000000,0.000000,0.985449,1.192577,0.874189,2.788404,0.643981,3.551588,0.000000,0.000000,0.082675,0.000000,0.660342,3.295893,3.558773,4.588010,0.277627,0.492082,0.000000,2.998253,0.115944,0.000000,2.878512,1.126275,0.000000,0.000000,0.524907,0.000000,0.000000,3.331758,0.000000,0.000000,2.949303,0.000000,0.000000,0.000000,2.302714,0.734949,0.000000,0.000000,3.307174,0.000000,0.000000,1.637250,2.430839,1.612767,0.000000,0.000000
0.000000,4.270792,0.000000,5.823424,2.002840,4.854088,5.661016,5.382277,0.893599,3.096801,0.964005,0.810705,0.000000,0.000000,4.076021,0.723552,1.692940,6.154650,0.000000,3.364363,0.000000,6.715428,1.000118,0.000000,0.000000,2.610934,0.000000,0.000000,3.307650,0.000000,1.689310,5.905927,0.000000,0.000000,0.352103,0.000000,0.303710,0.000000,3.788947,1.727841,1.746087,0.000000,1.403323,0.000000,0.000000,1.090613,2.712328,0.000000,2.175414,1.194662
0.000000,6.925722,0.000000,9.503502,3.304247,6.028819,7.783622,9.435232,1.402281,5.359336,0.000000,0.000000,0.000000,0.000000,5.503519,1.748284,2.887750,10.126675,0.000000,2.169787,0.000000,12.255260,0.000000,0.853115,0.000000,0.829457,0.000000,0.000000,3.321655,0.000000,0.000000,10.074513,0.000000,0.000000,1.317241,0.000000,0.000000,0.000000,3.557219,0.087793,0.988127,0.000000,2.853342,0.000000,0.000000,0.000000,4.571682,0.000000,0.000000,2.215344
0.000000,2.746447,0.000000,4.715728,1.319038,3.356475,6.098708,4.229142,0.010905,3.313259,0.993572,0.000000,1.354774,0.000000,4.061944,0.000000,0.000000,4.600134,0.000000,0.533264,0.000000,5.410575,0.000000,0.005839,0.000000,0.000000,0.000000,0.000000,2.218648,0.000000,0.043732,6.059313,0.000000,0.000000,0.000000,0.000000,0.000000,0.000000,2.386145,1.841227,0.243130,0.000000,0.000000,0.000000,0.000000,0.997289,1.095986,0.000000,0.216574,0.000000
0.000000,5.642385,0.000000,6.137565,1.482126,5.732874,6.585369,6.961980,0.000000,5.118058,0.993949,0.095811,0.211099,0.000000,4.881083,0.000000,1.000479,7.705779,0.000000,0.303691,0.000000,9.369406,0.000000,0.573711,0.000000,0.000000,0.000000,0.000000,2.544534,0.000000,0.000000,8.499619,0.000000,0.000000,0.000000,0.000000,0.000000,0.000000,2.794341,0.000000,0.952779,0.000000,0.399885,0.000000,0.000000,0.000000,3.773248,0.000000,0.000000,0.871247
0.000000,1.371711,0.000000,4.158689,0.297669,4.006365,4.117533,5.249129,0.880774,1.643431,0.600556,0.000000,2.066858,0.000000,4.604359,0.000000,0.000000,5.420088,0.000000,0.000000,0.000000,6.109373,0.274012,0.000000,0.000000,0.000000,0.000000,0.000000,2.394746,0.000000,0.000000,6.785376,0.000000,0.000000,0.000000,0.000000,0.000000,0.000000,2.506295,1.510232,0.761180,0.000000,0.000000,0.000000,0.000000,0.000000,1.727315,0.000000,0.000000,0.000000
0.000000,0.865314,0.000000,4.493908,0.467672,3.318775,3.592728,4.919558,0.577907,0.827496,1.049348,0.000000,2.405715,0.000000,4.803068,0.000000,0.000000,4.898952,0.000000,0.000000,0.000000,5.760450,0.537404,0.000000,0.000000,0.000000,0.000000,0.000000,2.293578,0.000000,0.000000,5.935158,0.000000,0.000000,0.000000,0.000000,0.516505,0.000000,2.062479,1.848962,0.958513,0.000000,0.000000,0.000000,0.000000,0.000000,1.119457,0.000000,0.000000,0.000000
1.520661,6.708147,0.158671,1.785554,2.412213,1.752204,3.762080,4.652635,2.442201,4.689171,1.359421,0.563229,0.415724,0.000000,2.292373,1.812667,2.437116,6.387115,0.000000,2.203230,0.000000,1.407634,0.447745,0.000000,1.056975,2.235741,0.000000,0.000000,1.789948,0.000000,1.408552,4.286085,0.000000,0.000000,2.881484,0.000000,0.587307,0.000000,2.796504,1.685769,0.731248,0.000000,2.226476,0.000000,0.000000,0.753277,3.498387,0.960742,2.074068,1.991788
0.000000,8.598496,0.000000,9.972300,4.328418,6.887570,8.867290,11.628287,1.162331,6.932842,0.000000,0.000000,0.000000,0.000000,6.204466,1.643549,3.018117,11.900782,0.000000,1.423928,0.000000,13.875973,0.000000,1.306020,0.000000,0.000000,0.000000,0.000000,3.090530,0.000000,0.000000,11.995278,0.000000,0.000000,2.410782,0.000000,0.000000,0.000000,3.698525,0.000000,0.755205,0.000000,3.468386,0.000000,0.000000,0.000000,5.525680,0.000000,0.000000,2.643149
0.242879,4.165962,0.000000,5.002302,1.427091,5.995235,4.885538,7.770803,0.189743,5.382004,1.420444,0.000000,0.159396,0.000000,4.346869,0.000000,0.681957,5.753311,0.000000,0.000000,0.000000,7.380075,0.000000,0.585459,0.000000,0.000000,0.000000,0.000000,2.557462,0.000000,0.000000,8.378131,0.000000,0.000000,0.274762,0.000000,0.000000,0.000000,2.112238,0.000000,0.541416,0.000000,0.223271,0.000000,0.000000,0.000000,3.083421,0.000000,0.000000,0.772132
0.000000,5.576738,0.000000,4.922388,2.505172,5.329824,4.892632,7.467344,0.000000,4.476386,1.592617,0.751091,0.000000,0.000000,4.739643,0.000000,0.882865,7.388205,0.000000,1.717526,0.000000,8.136971,0.000000,0.000000,0.000000,0.125022,0.000000,0.000000,2.334328,0.000000,0.000000,8.071886,0.000000,0.000000,0.270429,0.000000,0.092003,0.000000,2.130443,0.178512,1.178261,0.000000,1.125319,0.000000,0.000000,0.276757,3.322667,0.000000,0.000000,1.836275
0.000000,6.301870,0.000000,7.072996,2.404613,6.209141,6.982690,9.326895,0.415725,5.289542,0.650728,0.000000,0.000000,0.000000,5.463053,0.089845,0.064976,8.414692,0.000000,0.000000,0.000000,11.305278,0.000000,0.466990,0.000000,0.000000,0.000000,0.000000,1.914434,0.000000,0.000000,10.011429,0.000000,0.000000,0.095374,0.000000,0.000000,0.000000,1.986982,0.000000,0.707179,0.000000,1.280718,0.000000,0.000000,0.000000,3.583442,0.000000,0.000000,2.085434
0.761174,8.779101,0.000000,7.972902,4.115487,5.764432,8.495045,10.320105,1.698837,6.298417,0.666117,0.000000,0.000000,0.000000,6.061819,1.565218,1.375358,11.046987,0.000000,0.081308,0.000000,11.798303,0.000000,1.002652,0.000000,0.000000,0.000000,0.000000,2.766656,0.000000,0.000000,10.903082,0.000000,0.000000,1.328024,0.000000,0.000000,0.000000,2.950361,0.000000,0.252517,0.000000,1.922603,0.000000,0.000000,0.000000,5.204887,0.000000,0.000000,2.757982
3.765089,14.758841,0.000000,2.358129,4.067160,7.161246,4.054820,10.011872,2.598241,10.525146,2.198314,0.927197,0.045460,0.000000,3.761955,7.232168,6.435292,13.679619,0.000000,4.739883,0.000000,7.131832,1.307760,0.000000,4.662231,5.577258,0.000000,0.000000,2.399739,0.000000,0.026888,9.668449,0.643807,0.000000,8.145267,0.000000,0.335627,0.000000,5.402357,2.105411,0.372461,0.000000,8.801082,0.000000,0.000000,1.205137,7.811402,1.254006,0.581344,2.497932
0.000000,3.275035,0.000000,6.753557,1.185820,5.033801,6.059596,6.326806,0.622863,2.574079,0.633476,0.000000,0.537574,0.000000,5.045391,0.000000,0.000000,6.885921,0.000000,0.000000,0.000000,9.042310,0.000000,0.271582,0.000000,0.000000,0.000000,0.000000,2.459462,0.000000,0.000000,7.391822,0.000000,0.000000,0.000000,0.000000,0.000000,0.000000,2.393332,0.290979,0.634956,0.000000,0.000000,0.000000,0.000000,0.000000,2.569876,0.000000,0.000000,0.725943
0.000000,5.414782,0.000000,7.864631,2.280349,5.961010,7.610605,8.725129,0.727800,4.811611,0.000000,0.000000,0.000000,0.000000,5.687354,0.062013,0.023907,8.545358,0.000000,0.000000,0.000000,11.396331,0.000000,0.622977,0.000000,0.000000,0.000000,0.000000,2.238887,0.000000,0.000000,10.350084,0.000000,0.000000,0.017594,0.000000,0.000000,0.000000,2.288172,0.000000,0.452121,0.000000,1.281750,0.000000,0.000000,0.000000,3.663909,0.000000,0.000000,2.052077
0.058125,8.353067,0.000000,8.402137,3.850842,7.816419,8.353786,11.823636,1.349598,7.269532,0.413777,0.000000,0.000000,0.000000,6.334267,0.818327,1.632366,11.511301,0.000000,0.000000,0.000000,12.557360,0.000000,0.767199,0.000000,0.000000,0.000000,0.000000,3.073016,0.000000,0.000000,12.593879,0.000000,0.000000,1.656481,0.000000,0.000000,0.000000,3.244651,0.000000,0.953887,0.000000,2.213773,0.000000,0.000000,0.000000,5.636469,0.000000,0.000000,2.676722
0.000000,5.415384,0.000000,6.509224,1.875734,5.903523,6.068233,8.222330,0.582366,4.746089,0.846277,0.000000,0.000000,0.000000,5.192699,0.000000,0.449904,7.989598,0.000000,0.196187,0.000000,9.191197,0.000000,0.530803,0.000000,0.000000,0.000000,0.000000,2.568468,0.000000,0.000000,9.212769,0.000000,0.000000,0.097486,0.000000,0.000000,0.000000,2.451434,0.000000,0.916336,0.000000,0.948467,0.000000,0.000000,0.000000,3.595752,0.000000,0.000000,1.381610
0.195395,4.471509,0.000000,5.752822,1.683124,4.905765,4.597497,5.850101,0.239025,4.300510,0.575093,0.882318,0.000000,0.000000,3.877026,0.502542,1.191472,5.629228,0.000000,1.781015,0.000000,7.806282,0.000000,0.000000,0.000000,1.219700,0.000000,0.000000,2.228525,0.000000,0.390237,7.008923,0.000000,0.000000,0.852920,0.000000,0.000000,0.000000,2.257142,1.032994,1.030858,0.000000,1.717382,0.000000,0.000000,1.318000,2.004042,0.000000,0.000000,0.508601
0.101790,3.990532,0.000000,5.325400,1.343027,4.655839,4.161266,5.558809,0.000000,4.313767,0.666083,0.421610,0.000000,0.000000,3.847946,0.163408,1.285135,4.653829,0.000000,1.037165,0.000000,7.090518,0.000000,0.393354,0.000000,0.614533,0.000000,0.000000,2.131962,0.000000,0.000000,6.859106,0.000000,0.000000,0.177155,0.000000,0.000000,0.000000,1.786353,0.402519,0.890755,0.000000,1.193516,0.000000,0.000000,1.065660,2.150554,0.000000,0.000000,0.807040
1.028060,3.852344,0.000000,5.598521,2.090747,2.739251,3.987681,5.448797,1.622617,3.035576,0.000000,0.000000,0.000000,0.000000,3.613784,2.785617,2.683464,5.734750,0.000000,0.000000,0.000000,6.989133,0.000000,0.000000,0.000000,0.000000,0.000000,0.000000,1.488434,0.000000,0.000000,6.871619,0.000000,0.000000,0.525101,0.000000,0.000000,0.000000,2.142553,0.770293,0.000000,0.000000,1.805138,0.000000,0.000000,0.000000,2.999308,0.000000,0.000000,1.200291
0.599260,3.287249,0.000000,4.891775,1.561458,1.788532,3.039495,4.331751,1.923339,2.271050,0.000000,0.000000,0.000000,0.000000,3.483415,2.981540,2.013932,4.755768,0.000000,0.240431,0.000000,5.512682,0.082638,0.000000,0.000000,0.000000,0.000000,0.000000,0.830212,0.000000,0.000000,5.256176,0.000000,0.000000,0.457076,0.000000,0.000000,0.000000,1.695793,1.506985,0.000000,0.000000,1.696152,0.000000,0.000000,0.650210,2.240635,0.000000,0.000000,1.222032
0.000000,6.647447,0.000000,5.857275,2.978789,5.993089,5.654654,8.297729,1.054608,5.150379,0.355697,0.040416,0.000000,0.000000,4.978536,0.497619,0.168222,8.749154,0.000000,0.432314,0.000000,9.593736,0.000000,0.505764,0.000000,0.000000,0.000000,0.000000,1.938113,0.000000,0.000000,9.480116,0.000000,0.000000,0.193446,0.000000,0.000000,0.000000,2.078678,0.000000,0.740962,0.000000,1.355093,0.000000,0.000000,0.001510,4.760034,0.000000,0.000000,2.075711
0.000000,5.427304,0.000000,4.583251,1.976373,4.599424,4.833443,6.411311,0.919373,4.373447,0.890430,0.458334,0.512687,0.000000,5.024475,0.296142,0.140453,6.700271,0.000000,1.529777,0.000000,7.649042,0.000000,0.000000,0.000000,0.369835,0.000000,0.000000,1.985084,0.000000,0.000000,7.271501,0.000000,0.000000,0.000000,0.000000,0.000000,0.000000,2.276064,0.874663,0.976124,0.000000,0.924691,0.000000,0.000000,1.239819,3.215861,0.000000,0.000000,1.958828
0.000000,6.846076,0.000000,7.156780,2.705888,6.735293,7.822846,9.524574,0.338567,6.830816,0.282643,0.000000,0.000000,0.000000,5.214416,0.127861,1.901105,9.181851,0.000000,0.272542,0.000000,10.687163,0.000000,1.116824,0.000000,0.000000,0.000000,0.000000,3.025284,0.000000,0.000000,10.893593,0.000000,0.000000,1.489105,0.000000,0.000000,0.000000,3.132935,0.000000,1.087697,0.000000,1.640257,0.000000,0.000000,0.000000,4.589457,0.000000,0.000000,1.613559
0.000000,3.163860,0.000000,1.286577,0.780119,2.117916,3.778519,3.904291,0.877369,2.525683,1.116270,0.855068,1.365443,0.000000,3.530286,0.697031,0.000000,4.615083,0.040388,1.369356,0.000000,4.772041,0.000000,0.000000,0.000000,0.005297,0.000000,0.000000,1.342715,0.000000,0.000000,5.086566,0.000000,0.000000,0.000000,0.000000,0.684849,0.000000,2.257184,0.991064,0.000000,0.000000,0.000000,0.000000,0.000000,0.351508,2.327584,0.000000,0.000000,0.550478
1.007071,10.921193,0.000000,8.113992,5.067436,8.597682,8.619821,13.715008,2.045667,9.307143,0.000000,0.000000,0.000000,0.000000,6.406674,2.487262,3.946356,13.959545,0.000000,0.000000,0.000000,13.819322,0.000000,0.122343,0.157328,0.000000,0.000000,0.000000,2.379143,0.000000,0.000000,14.042554,0.000000,0.000000,4.291449,0.000000,0.000000,0.000000,4.766330,0.000000,1.169667,0.000000,5.798957,0.000000,0.000000,0.000000,7.268532,0.000000,0.000000,3.363193
0.000000,2.261617,0.339319,2.818238,0.977886,5.477655,4.099762,5.923890,0.277313,3.067045,0.807971,0.000000,1.681277,0.000000,3.987534,0.000000,0.000000,5.001075,0.000000,0.000000,0.000000,5.505598,0.000000,0.168764,0.000000,0.000000,0.000000,0.000000,1.547199,0.000000,0.000000,6.220315,0.000000,0.000000,0.000000,0.000000,0.000000,0.000000,1.264113,0.000000,0.324931,0.000000,0.000000,0.000000,0.000000,0.000000,2.604894,0.000000,0.000000,0.000000
0.000000,2.869930,0.318642,2.896590,1.199277,5.673905,4.342323,6.206374,0.351237,3.853740,0.800334,0.000000,1.659134,0.000000,4.302781,0.000000,0.000000,5.174119,0.000000,0.000000,0.000000,5.750365,0.000000,0.000000,0.000000,0.000000,0.000000,0.000000,1.951166,0.000000,0.000000,6.695847,0.000000,0.000000,0.000000,0.000000,0.000000,0.000000,1.592500,0.000000,0.345470,0.000000,0.000000,0.000000,0.000000,0.000000,3.385434,0.000000,0.000000,0.603796
0.000000,4.923624,0.000000,5.817045,1.163518,5.042286,6.310020,6.772202,0.330506,4.605614,0.393453,0.000000,0.000000,0.000000,4.309402,0.000000,0.772068,6.813376,0.000000,0.701892,0.000000,8.095737,0.000000,1.025406,0.000000,0.081653,0.000000,0.000000,2.516060,0.000000,0.000000,7.694351,0.000000,0.000000,0.145384,0.000000,0.000000,0.000000,2.738223,0.226723,1.207574,0.000000,0.297051,0.000000,0.000000,0.795528,2.275119,0.000000,0.000000,0.329832
5.023514,8.042420,0.000000,3.724145,2.045465,2.142711,0.000000,7.093464,1.160426,3.799093,0.000000,0.000000,0.028079,0.000000,1.922656,4.781763,4.852153,7.012621,0.000000,0.594315,0.000000,5.270692,0.000000,0.000000,5.539822,0.880364,0.000000,0.000000,0.322158,0.000000,0.354239,5.148375,0.451253,0.000000,4.154009,1.701548,0.000000,0.000000,2.670367,1.097010,0.761783,0.000000,4.122391,0.000000,0.000000,0.000000,2.057096,0.000000,0.000000,0.116346
0.000000,6.326724,0.000000,6.073348,2.022386,6.442987,7.416049,8.650650,0.405162,6.696216,0.516822,0.000000,0.000000,0.000000,5.023651,0.000000,1.231577,8.384813,0.000000,0.000000,0.000000,9.669295,0.000000,1.381859,0.000000,0.000000,0.000000,0.000000,2.757787,0.000000,0.000000,10.334732,0.000000,0.000000,1.143530,0.000000,0.000000,0.000000,3.142109,0.000000,0.925235,0.000000,0.801103,0.000000,0.000000,0.000000,4.303139,0.000000,0.000000,0.916655
0.000000,5.554684,0.000000,6.245421,2.784735,4.677874,6.292978,7.528790,0.967966,4.272283,0.947423,0.000000,0.000000,0.000000,4.730229,0.294340,1.359894,7.272952,0.000000,1.216267,0.000000,8.744576,0.000000,0.376498,0.000000,0.000000,0.000000,0.000000,3.020449,0.000000,0.000000,8.463573,0.000000,0.000000,0.932596,0.000000,0.000000,0.000000,1.976269,0.000000,1.395172,0.000000,1.262255,0.000000,0.000000,0.000000,4.104862,0.000000,0.000000,2.161657
0.083014,4.928055,0.000000,3.683417,1.974965,4.576309,4.843524,7.573506,1.696454,3.992626,1.273371,0.423406,1.315577,0.000000,4.230969,0.894097,1.429327,6.893126,0.000000,1.193451,0.000000,5.564078,0.000000,0.000000,0.000000,1.080731,0.000000,0.000000,2.533018,0.000000,0.105151,5.996853,0.000000,0.000000,0.283023,0.000000,0.000000,0.000000,2.578073,0.942393,0.481687,0.000000,0.577937,0.000000,0.000000,1.096432,3.420520,0.000000,0.000000,0.150985
0.551027,10.939111,0.000000,9.176858,5.228069,9.101988,9.883735,14.389112,2.447100,9.528924,0.000000,0.000000,0.000000,0.000000,7.131409,2.530345,3.969045,14.453218,0.000000,0.000000,0.000000,14.973681,0.000000,0.598361,0.000000,0.000000,0.000000,0.000000,3.143530,0.000000,0.000000,15.456503,0.000000,0.000000,4.605917,0.000000,0.000000,0.000000,5.198217,0.000000,0.956395,0.000000,5.547387,0.000000,0.000000,0.000000,7.604391,0.000000,0.000000,3.362252
0.000000,8.606853,0.000000,8.239772,4.179172,8.832530,8.769661,12.905587,2.408516,7.992802,0.000000,0.000000,0.000000,0.000000,6.731533,1.673851,2.601973,13.060817,0.000000,0.000000,0.000000,12.664214,0.000000,0.000000,0.000000,0.000000,0.000000,0.000000,3.196125,0.000000,0.000000,14.492088,0.000000,0.000000,3.245267,0.000000,0.000000,0.000000,4.484736,0.000000,2.127862,0.000000,4.295764,0.000000,0.000000,0.000000,6.326415,0.000000,0.000000,3.001559
0.000000,4.098552,0.000000,4.573174,1.518190,4.353403,5.412348,5.812831,1.336051,4.313894,1.574084,0.676569,0.258195,0.000000,5.087810,0.613863,0.805253,6.182620,0.096872,1.916681,0.000000,5.725585,0.420531,0.000000,0.000000,1.032834,0.000000,0.000000,2.650014,0.000000,0.562758,6.067917,0.000000,0.000000,0.000000,0.000000,1.349929,0.000000,3.012281,1.825942,0.842543,0.000000,0.563636,0.000000,0.000000,0.489512,2.980608,0.000000,0.631246,1.289241
0.700106,9.205346,0.000000,4.236866,3.948320,5.599489,5.511102,9.209133,0.722348,7.086855,0.000000,0.000000,0.000000,0.000000,3.987640,1.289600,2.022631,10.396961,0.000000,0.000000,0.000000,9.284265,0.000000,1.150101,1.303722,0.000000,0.000000,0.000000,1.368353,0.000000,0.000000,10.211939,0.000000,0.000000,3.051343,0.000000,0.000000,0.000000,2.114947,0.000000,0.160884,0.000000,2.218148,0.000000,0.000000,0.413475,4.572309,0.103213,0.000000,1.989738
0.000000,4.488230,0.000000,4.536596,1.546643,5.103159,5.040991,6.723679,0.098952,4.320424,0.909862,0.142168,0.000000,0.000000,4.171143,0.000000,0.000000,6.347971,0.000000,0.361733,0.000000,7.310949,0.000000,0.802731,0.000000,0.000000,0.000000,0.000000,2.478578,0.000000,0.000000,7.809246,0.000000,0.000000,0.000000,0.000000,0.000000,0.000000,2.001884,0.000000,1.092211,0.000000,0.000000,0.000000,0.000000,0.000000,3.388876,0.000000,0.000000,1.114088
4.141757,12.176874,0.000000,6.032808,4.693830,5.843354,4.957263,12.539399,2.637223,9.026111,0.000000,0.000000,0.000000,0.000000,3.895017,3.486093,4.689836,13.352988,0.000000,0.000000,0.000000,10.599990,0.000000,0.386221,3.848944,0.000000,0.000000,0.000000,1.454459,0.000000,0.000000,12.186070,0.017636,0.000000,5.053977,0.000000,0.000000,0.000000,4.139272,0.000000,0.363625,0.000000,5.681177,0.000000,0.000000,0.000000,6.494717,0.287040,0.000000,2.011822
0.966292,5.671609,0.000000,1.842664,2.005933,2.838094,1.654899,4.661483,0.000000,3.178298,0.000000,0.366619,0.000000,0.000000,1.345362,0.734546,1.137819,5.460849,0.000000,0.000000,0.000000,4.808838,0.000000,0.000000,1.617021,0.000000,0.000000,0.000000,0.098518,0.000000,0.000000,4.650830,0.000000,0.000000,1.547748,0.309809,0.000000,0.000000,0.603841,0.000000,0.134762,0.000000,1.405207,0.000000,0.000000,1.612342,1.801799,0.649384,0.000000,0.867743
1.303811,8.934779,0.000000,6.970368,4.074759,5.670020,7.661880,10.917892,1.367043,7.065802,0.000000,0.000000,0.000000,0.000000,5.094956,1.673392,3.747453,11.627841,0.000000,0.000000,0.000000,11.914652,0.000000,0.702580,0.509326,0.000000,0.000000,0.000000,3.177080,0.000000,0.000000,11.463020,0.000000,0.000000,2.960809,0.000000,0.000000,0.000000,3.783406,0.000000,0.719911,0.000000,3.069803,0.000000,0.000000,0.277684,5.444440,0.000000,0.000000,3.404513
1.683433,10.074325,0.000000,6.831794,4.038456,5.192039,7.449825,11.229127,1.716003,7.161852,0.000000,0.000000,0.000000,0.000000,5.407267,2.527228,4.207208,12.584311,0.000000,0.028464,0.000000,11.816674,0.000000,0.604916,1.056002,0.000000,0.000000,0.000000,2.573822,0.000000,0.000000,11.430517,0.000000,0.000000,3.343510,0.000000,0.000000,0.000000,3.415527,0.000000,0.490483,0.000000,4.027098,0.000000,0.000000,0.715697,5.618509,0.000000,0.000000,3.133462
0.000000,2.809149,0.000000,4.226023,1.512565,2.372829,4.156322,4.549149,0.785598,1.849673,0.253867,0.000000,0.168604,0.000000,3.915376,0.000000,0.000000,4.346746,0.143378,0.541400,0.000000,5.589109,0.000000,0.000000,0.000000,0.000000,0.000000,0.000000,1.766641,0.000000,0.000000,5.131794,0.000000,0.000000,0.000000,0.000000,0.294227,0.000000,1.005126,0.547679,0.294694,0.000000,0.000000,0.000000,0.000000,0.019501,1.936141,0.000000,0.000000,0.826131
0.618005,7.502614,0.000000,6.766906,2.787153,4.664712,6.766995,9.155735,1.744740,6.176636,0.185216,0.000000,0.000000,0.000000,4.880193,1.713018,2.948833,9.770756,0.000000,0.000000,0.000000,10.108939,0.000000,1.018891,0.000000,0.000000,0.000000,0.000000,2.544186,0.000000,0.000000,9.790954,0.000000,0.000000,1.635784,0.000000,0.000000,0.000000,2.708032,0.000000,0.003503,0.000000,2.215441,0.000000,0.000000,0.553476,4.678185,0.000000,0.000000,2.245094
0.000000,4.250712,0.000000,3.637233,1.866621,4.492373,4.895168,6.382536,1.112635,4.747791,1.455765,0.037069,0.000000,0.000000,2.927405,0.559594,1.521766,5.779653,0.000000,0.406476,0.000000,4.148107,0.000000,0.000000,0.000000,0.422279,0.000000,0.000000,2.399875,0.000000,0.536608,6.631097,0.000000,0.000000,1.694776,0.000000,0.000000,0.000000,3.176775,0.000000,0.876967,0.000000,1.605782,0.000000,0.000000,0.000000,3.394657,0.000000,0.000000,1.010372
1.779407,10.614266,0.000000,6.452376,4.356798,7.806427,8.619143,12.715531,2.040396,9.848542,1.196095,0.000000,0.000000,0.000000,5.863691,1.444002,3.210138,11.928425,0.000000,0.000000,0.000000,10.047007,0.000000,1.334877,0.691989,0.000000,0.000000,0.000000,2.718423,0.000000,0.000000,12.409706,0.000000,0.000000,4.718785,0.000000,0.000000,0.000000,4.450118,0.000000,1.223403,0.000000,2.834028,0.000000,0.000000,0.000000,6.295228,0.000000,0.000000,1.907027
0.000000,5.411096,0.000000,4.665877,1.669518,5.983280,5.348205,7.371553,0.000000,5.252544,1.320658,1.423633,0.594805,0.000000,4.895864,0.000000,0.580761,7.266651,0.000000,1.691686,0.000000,7.502950,0.000000,0.304329,0.000000,0.484584,0.000000,0.000000,2.945225,0.000000,0.000000,8.169109,0.000000,0.000000,0.000000,0.000000,0.000000,0.000000,2.865299,0.107961,1.167594,0.000000,0.518350,0.000000,0.000000,0.494366,3.741732,0.000000,0.000000,0.842046
0.000000,7.098166,0.000000,7.017475,3.553868,6.353291,7.163241,9.959021,0.913497,6.240643,0.166630,0.000000,0.000000,0.000000,4.948109,0.867125,1.574132,9.993621,0.000000,0.000000,0.000000,10.293793,0.000000,1.255538,0.000000,0.000000,0.000000,0.000000,2.911106,0.000000,0.000000,10.668733,0.000000,0.000000,1.878076,0.000000,0.000000,0.000000,3.243706,0.000000,0.222917,0.000000,2.399529,0.000000,0.000000,0.000000,4.745076,0.000000,0.000000,2.140375
3.669123,10.360333,0.000000,3.753687,3.633291,4.857914,3.634352,9.963460,1.222789,9.003902,0.858347,0.000000,0.244535,0.000000,4.448495,5.057817,5.518808,11.391215,0.000000,2.060534,0.000000,8.353416,0.000000,0.000000,3.414682,2.270086,0.000000,0.000000,1.629137,0.000000,0.000000,10.980237,0.340408,0.000000,5.433397,0.000000,0.000000,0.000000,4.941349,0.620983,0.000000,0.000000,7.640326,0.000000,0.000000,0.095548,6.435225,0.012767,0.000000,2.686734
0.000000,4.026922,0.000000,5.109735,1.909379,5.444111,5.046785,6.980479,1.365462,3.807379,1.220154,1.596035,0.030191,0.000000,4.784920,0.503318,0.832615,5.030905,0.000000,2.214103,0.000000,6.313873,0.455787,0.000000,0.000000,1.092324,0.000000,0.000000,3.359386,0.000000,2.177978,6.976657,0.000000,0.000000,0.553311,0.000000,0.000000,0.000000,3.580366,1.713709,1.413646,0.000000,1.300156,0.000000,0.000000,1.107379,3.287447,0.000000,0.000000,1.518889
0.000000,2.873043,0.000000,5.153429,1.394078,5.540356,5.128384,7.045188,0.910232,3.958757,0.448681,0.000000,0.032302,0.000000,4.643881,0.000000,0.000000,5.874374,0.000000,0.000000,0.000000,7.463402,0.000000,0.866309,0.000000,0.000000,0.000000,0.000000,2.481660,0.000000,0.000000,7.724133,0.000000,0.000000,0.000000,0.000000,0.000000,0.000000,2.698816,0.000000,0.465853,0.000000,0.332386,0.000000,0.000000,0.000000,3.510555,0.000000,0.000000,0.972952
2.087369,8.912504,0.000000,7.089999,3.792294,5.445895,7.377326,9.861473,2.196172,7.622513,0.730924,0.000000,0.000000,0.000000,5.042598,2.539213,3.580567,10.454114,0.000000,1.194004,0.000000,9.930499,0.000000,0.000000,0.149523,0.318191,0.000000,0.000000,2.625240,0.000000,0.000000,10.463060,0.000000,0.000000,2.720370,0.000000,0.000000,0.000000,3.578129,0.000000,0.217703,0.000000,4.336312,0.000000,0.000000,0.000000,5.524551,0.000000,0.000000,3.042503
0.345874,4.197247,0.000000,4.900977,1.738318,3.643502,4.626324,5.038319,1.098401,3.790561,0.489852,0.264874,0.000000,0.000000,4.185310,0.951115,1.770777,5.517200,0.389213,1.795576,0.000000,7.040844,0.000000,0.000000,0.000000,1.587701,0.000000,0.000000,1.789998,0.000000,0.694878,5.764966,0.000000,0.000000,0.000000,0.000000,0.282353,0.000000,2.679298,2.006227,0.855777,0.000000,1.591431,0.000000,0.000000,1.497417,2.681663,0.000000,0.544313,2.217171
2.476455,12.073584,0.000000,4.312273,4.563868,6.993425,6.644125,11.803892,2.208910,9.783601,1.595663,0.000000,0.344860,0.000000,4.446348,3.979980,4.993198,12.878406,0.000000,0.000000,0.000000,10.175695,0.000000,0.000000,3.116857,0.000000,0.000000,0.000000,2.287243,0.000000,0.000000,12.564645,0.146952,0.000000,5.379200,0.000000,0.000000,0.000000,5.048402,0.000000,0.498212,0.000000,5.211530,0.000000,0.000000,0.000000,7.319857,0.633769,0.000000,1.756986
0.000000,4.148323,0.000000,4.367153,1.786528,4.644150,3.979304,6.140239,0.000000,2.833599,0.601479,0.000000,0.339966,0.000000,4.558297,0.000000,0.000000,6.690757,0.000000,0.000000,0.000000,7.533565,0.000000,0.495212,0.000000,0.000000,0.000000,0.000000,1.741801,0.000000,0.000000,6.933999,0.000000,0.000000,0.000000,0.000000,0.006998,0.000000,0.737493,0.000000,0.572648,0.000000,0.000000,0.000000,0.000000,0.000000,2.885139,0.000000,0.000000,1.009355
0.098830,5.661871,0.000000,8.816126,4.144212,2.600373,6.190486,8.658894,2.013717,1.784794,0.000000,0.000000,0.000000,0.000000,6.271194,1.767807,1.123348,8.514061,0.000000,1.325217,0.000000,10.870357,0.000000,0.166542,0.000000,0.000000,0.000000,0.000000,1.389957,0.000000,0.000000,9.119209,0.000000,0.000000,2.045292,0.008291,0.000000,0.000000,1.293185,0.856397,1.023723,0.000000,2.448317,0.000000,0.000000,0.795593,3.358197,0.000000,0.000000,3.008354
0.000000,6.075244,0.000000,8.808162,3.063989,4.002005,7.047687,8.826795,1.679785,3.381083,0.000000,0.000000,0.000000,0.000000,6.706822,1.359279,1.608940,9.488905,0.000000,1.313208,0.000000,11.211678,0.000000,0.689435,0.000000,0.000000,0.000000,0.000000,1.851074,0.000000,0.000000,9.984330,0.000000,0.000000,1.407170,0.000000,0.000000,0.000000,1.912566,0.586118,0.823059,0.000000,2.543557,0.000000,0.000000,0.475262,3.344467,0.000000,0.000000,2.470431
0.000000,4.630531,0.000000,8.153108,1.975737,4.115905,6.278616,7.358679,1.680472,2.727510,0.000000,0.000000,0.000000,0.000000,5.861055,0.291176,0.724421,7.775218,0.000000,0.598504,0.000000,10.163157,0.000000,0.883359,0.000000,0.000000,0.000000,0.000000,1.997460,0.000000,0.000000,8.820877,0.000000,0.000000,0.443843,0.000000,0.000000,0.000000,1.503594,0.493117,0.423607,0.000000,1.586089,0.000000,0.000000,0.794678,2.420835,0.000000,0.000000,1.760776
0.000000,4.550176,0.000000,4.447352,1.950382,4.770427,4.369029,6.292427,0.000000,3.684684,0.988158,0.054640,0.134988,0.000000,4.429395,0.000000,0.535249,6.897449,0.000000,0.232495,0.000000,7.362734,0.000000,0.542894,0.000000,0.000000,0.000000,0.000000,1.933827,0.000000,0.000000,6.833482,0.000000,0.000000,0.000000,0.000000,0.307864,0.000000,0.997676,0.000000,0.592261,0.000000,0.000000,0.000000,0.000000,0.129934,2.795763,0.000000,0.000000,1.237784
0.000000,4.806454,0.000000,7.434044,1.927243,3.984535,5.721012,7.176131,1.379800,2.452208,0.000000,0.624343,0.000000,0.000000,5.913276,0.115855,0.112436,7.895909,0.020661,1.400705,0.000000,9.280605,0.000000,0.599987,0.000000,0.063988,0.000000,0.000000,2.178670,0.000000,0.000000,7.768616,0.000000,0.000000,0.544965,0.000000,0.139136,0.000000,1.415219,1.126989,0.895950,0.000000,1.199090,0.000000,0.000000,1.209336,2.812935,0.000000,0.000000,1.575403
0.000000,4.474937,0.000000,6.728009,1.806051,5.057346,5.579433,7.339819,0.929452,3.506012,0.247883,0.000000,0.000000,0.000000,5.127462,0.000000,0.154476,6.816611,0.000000,0.127950,0.000000,9.613945,0.000000,0.521678,0.000000,0.000000,0.000000,0.000000,1.589839,0.000000,0.000000,7.785827,0.000000,0.000000,0.000000,0.000000,0.000000,0.000000,1.380925,0.000000,1.160217,0.000000,1.028583,0.000000,0.000000,0.000000,2.844407,0.000000,0.000000,1.659620
3.477095,10.495363,0.000000,2.462836,2.473682,5.366001,3.089204,10.203259,1.881997,8.369207,0.541395,0.364527,0.280091,0.000000,3.814749,6.572173,6.062418,10.774967,0.000000,1.360373,0.000000,7.159838,0.000000,0.000000,5.237216,2.938815,0.000000,0.000000,1.054186,0.000000,0.000000,8.587790,0.086344,0.000000,6.359121,0.000000,0.000000,0.000000,3.738527,0.807812,0.019279,0.000000,7.920695,0.000000,0.000000,1.750033,6.553408,1.137036,0.000000,0.474081
3.086365,12.236096,0.000000,5.710658,5.111551,6.452897,5.942328,12.935405,1.667207,9.643242,0.000000,0.000000,0.000000,0.000000,4.228842,4.225969,4.253512,13.348507,0.000000,0.000000,0.000000,12.011137,0.000000,1.029974,3.757857,0.000000,0.000000,0.000000,0.921015,0.000000,0.000000,13.053401,0.311747,0.000000,6.305843,0.000000,0.000000,0.000000,4.665417,0.000000,0.000000,0.000000,5.669311,0.000000,0.000000,0.000000,7.463813,0.734543,0.000000,2.134582
0.192750,6.497402,0.000000,5.990758,2.855498,5.901239,5.824241,8.911878,0.613164,5.732929,1.280234,0.000000,0.000000,0.000000,6.092923,0.000000,1.795796,9.573030,0.000000,0.254213,0.000000,9.900471,0.000000,0.597685,0.000000,0.000000,0.000000,0.000000,2.054647,0.000000,0.000000,9.443963,0.000000,0.000000,1.010798,0.000000,0.000000,0.000000,2.157504,0.000000,0.270231,0.000000,1.703444,0.000000,0.000000,0.000000,4.230323,0.000000,0.000000,2.595324
0.915617,4.325576,0.000000,4.325716,2.148133,4.153866,5.616587,6.802837,2.073260,4.338485,1.424061,0.899581,0.238722,0.000000,4.780188,2.408957,2.419828,6.632691,0.000000,2.673596,0.000000,5.618391,0.000000,0.000000,0.146564,1.326710,0.000000,0.000000,2.638655,0.000000,1.213199,6.533578,0.000000,0.000000,0.417572,0.000000,0.374980,0.000000,3.449261,1.518908,0.788847,0.000000,2.038519,0.000000,0.000000,1.606616,4.311859,0.000000,0.000000,0.797377
0.000000,3.859384,0.000000,7.746521,3.392438,3.795361,7.659044,6.681582,1.362798,2.930946,0.551346,0.239592,0.000000,0.000000,5.612058,1.239530,0.933081,6.159861,0.000000,1.800657,0.000000,10.143680,0.000000,0.145141,0.000000,0.000000,0.000000,0.000000,3.192813,0.000000,1.170135,9.323262,0.000000,0.000000,0.000000,0.000000,0.000000,0.000000,3.260244,1.730030,0.551757,0.000000,1.389308,0.000000,0.000000,0.000000,3.386433,0.000000,0.000000,2.062512
0.000000,4.230061,0.000000,7.357408,2.594486,2.909767,6.345893,5.665231,0.439738,2.667461,0.000000,0.766796,0.000000,0.000000,5.050687,0.333450,0.295616,5.964490,0.000000,1.095377,0.000000,9.461531,0.000000,0.090716,0.000000,0.000000,0.000000,0.000000,2.682974,0.000000,0.000000,8.377391,0.000000,0.000000,0.000000,0.000000,0.000000,0.000000,2.208413,1.450922,0.735108,0.000000,0.946637,0.000000,0.000000,1.221603,2.673459,0.000000,0.000000,1.962211
2.560363,11.462440,0.000000,4.976200,5.503346,7.239660,5.574462,12.143637,2.208258,9.941248,0.326273,0.000000,0.000000,0.000000,3.860915,3.477636,4.215644,11.785068,0.000000,0.000000,0.000000,9.640526,0.000000,0.000000,2.432401,0.000000,0.000000,0.000000,1.851264,0.000000,0.000000,10.834114,0.000000,0.000000,6.271200,0.000000,0.000000,0.000000,3.727648,0.000000,0.235283,0.000000,4.831125,0.000000,0.000000,0.071655,7.249324,0.408914,0.000000,3.047567
0.000000,5.151604,0.000000,3.996623,2.291048,6.156926,5.986135,7.943285,0.864410,4.676777,0.993755,0.000000,0.633737,0.000000,4.406571,0.000000,0.111411,6.407327,0.000000,0.000000,0.000000,7.956757,0.000000,0.000000,0.000000,0.000000,0.000000,0.000000,2.509321,0.000000,0.000000,8.550160,0.000000,0.000000,0.192816,0.000000,0.000000,0.000000,2.138427,0.000000,0.906356,0.000000,0.000000,0.000000,0.000000,0.000000,3.159437,0.000000,0.000000,0.828455
0.000000,6.857557,0.000000,2.544291,2.717401,6.486125,5.947080,8.995090,1.334219,5.440556,2.267498,0.000000,1.327374,0.000000,4.693111,0.108806,0.173868,8.534027,0.000000,0.000000,0.000000,6.791831,0.000000,0.000000,0.000000,0.000000,0.000000,0.000000,2.102993,0.000000,0.000000,9.223974,0.000000,0.000000,0.671787,0.000000,0.000000,0.000000,2.759541,0.000000,0.899901,0.000000,0.000000,0.000000,0.000000,0.000000,4.489230,0.000000,0.000000,0.410633
2.245071,10.756520,0.000000,5.839421,5.344253,7.259736,6.678529,12.086803,2.461230,9.078979,0.120367,0.000000,0.000000,0.000000,4.404593,2.056284,2.844622,12.172536,0.000000,0.000000,0.000000,10.300771,0.000000,0.496028,1.509297,0.000000,0.000000,0.000000,2.063512,0.000000,0.000000,11.462404,0.000000,0.000000,4.504588,0.000000,0.000000,0.000000,3.678036,0.000000,0.646467,0.000000,3.262872,0.000000,0.000000,0.000000,6.005451,0.000000,0.000000,3.167269
2.950704,12.170895,0.000000,5.609054,5.762309,7.484149,6.370930,12.855551,2.448941,9.774536,0.262840,0.000000,0.000000,0.000000,4.221614,2.820686,3.869387,13.243508,0.000000,0.000000,0.000000,10.287780,0.000000,0.343097,2.204850,0.000000,0.000000,0.000000,2.208270,0.000000,0.000000,11.663467,0.000000,0.000000,5.535539,0.000000,0.000000,0.000000,4.165530,0.000000,0.272756,0.000000,4.022274,0.000000,0.000000,0.000000,6.632814,0.000000,0.000000,3.019286
0.540033,7.509625,0.000000,7.087249,3.886196,6.129915,7.287836,10.321199,1.102342,5.555639,1.176777,0.000000,0.000000,0.000000,5.947023,0.465835,1.226346,10.356496,0.000000,0.705883,0.000000,11.543468,0.000000,0.310021,0.000000,0.000000,0.000000,0.000000,2.092512,0.000000,0.000000,10.047131,0.000000,0.000000,0.767623,0.000000,0.000000,0.000000,2.432302,0.000000,1.261651,0.000000,1.897719,0.000000,0.000000,0.000000,4.265049,0.000000,0.000000,2.940905
0.000000,3.106757,0.000000,5.050976,0.778117,3.795440,4.051130,5.040542,0.722170,3.664318,0.070466,0.664748,0.088138,0.000000,4.230180,0.919707,1.274256,5.274670,0.000000,1.576400,0.000000,5.481568,0.000000,0.000000,0.000000,1.306703,0.000000,0.000000,2.662854,0.000000,0.587406,5.501257,0.000000,0.000000,0.156024,0.000000,1.226813,0.000000,2.267158,1.257760,0.713643,0.000000,1.364094,0.000000,0.000000,0.535200,3.266100,0.000000,0.000000,0.963176
1.038218,5.958736,0.000000,4.970553,2.669344,4.781370,6.637035,8.338459,1.370371,6.006889,1.182332,0.000000,0.437939,0.000000,5.180895,2.546818,2.861040,7.888990,0.000000,0.294024,0.000000,8.624499,0.000000,0.000000,0.553488,0.000000,0.000000,0.000000,2.160070,0.000000,0.000000,9.075868,0.000000,0.000000,0.650512,0.000000,0.000000,0.000000,2.751216,0.205879,0.000000,0.000000,2.623579,0.000000,0.000000,0.000000,4.820240,0.000000,0.000000,1.399491
0.000000,3.407291,0.000000,6.011448,1.880025,4.675368,4.621941,5.563399,0.682489,3.147054,1.095029,0.199430,0.000000,0.000000,3.595340,0.000000,1.013864,5.644919,0.000000,0.539698,0.000000,7.739791,0.000000,0.000000,0.000000,0.067009,0.000000,0.000000,2.365672,0.000000,0.000000,6.759799,0.000000,0.000000,0.000000,0.000000,0.000000,0.000000,1.979335,0.000000,0.590239,0.000000,0.807848,0.000000,0.000000,0.000000,2.520715,0.000000,0.000000,1.542519
0.000000,5.333768,0.000000,4.471819,1.866006,5.271256,5.966265,7.041833,0.491808,5.107754,1.022846,0.000000,0.000000,0.000000,4.071136,0.000000,0.087703,6.726825,0.000000,0.000000,0.000000,7.923047,0.000000,0.586486,0.000000,0.000000,0.000000,0.000000,2.429869,0.000000,0.000000,8.811148,0.000000,0.000000,0.583646,0.000000,0.000000,0.000000,2.639585,0.000000,0.793652,0.000000,0.000000,0.000000,0.000000,0.000000,2.616393,0.000000,0.000000,0.791179
0.000000,8.724254,0.000000,5.057646,3.278667,6.914796,7.162497,10.046836,0.752783,7.283434,0.970246,0.000000,0.000000,0.000000,4.698476,0.404625,1.553520,10.429132,0.000000,0.000000,0.000000,9.540454,0.000000,0.504904,0.000000,0.000000,0.000000,0.000000,2.342544,0.000000,0.000000,10.870897,0.000000,0.000000,2.733628,0.000000,0.000000,0.000000,3.423593,0.000000,0.871825,0.000000,1.685245,0.000000,0.000000,0.000000,4.515387,0.000000,0.000000,1.267833
1.478329,10.017464,0.000000,7.182919,4.395017,8.221876,8.358040,12.554448,2.556014,8.614150,0.756771,0.000000,0.000000,0.000000,6.195019,1.435141,3.494804,12.414672,0.000000,0.000000,0.000000,11.168478,0.000000,0.428650,0.000000,0.000000,0.000000,0.000000,3.866227,0.000000,0.000000,12.749073,0.000000,0.000000,2.704412,0.000000,0.000000,0.000000,4.252534,0.000000,0.864312,0.000000,2.872019,0.000000,0.000000,0.000000,6.589052,0.000000,0.000000,2.146212
1.610455,9.835092,0.000000,6.197402,4.250264,7.699354,7.673585,11.610566,2.202614,8.418475,0.883737,0.000000,0.000000,0.000000,5.578795,1.571684,3.710495,11.613454,0.000000,0.648580,0.000000,10.005184,0.000000,0.192857,0.000000,0.000000,0.000000,0.000000,3.919575,0.000000,0.000000,11.941582,0.000000,0.000000,2.748654,0.000000,0.000000,0.000000,4.563404,0.000000,0.757986,0.000000,3.018387,0.000000,0.000000,0.000000,6.303588,0.000000,0.000000,1.997008
0.000000,6.234123,0.000000,4.322412,2.054359,5.756315,6.299601,7.676253,0.602820,5.963048,1.034160,0.000000,0.000000,0.000000,4.167543,0.000000,0.527526,7.600225,0.000000,0.000000,0.000000,7.736114,0.000000,0.484393,0.000000,0.000000,0.000000,0.000000,2.326895,0.000000,0.000000,8.936229,0.000000,0.000000,1.416000,0.000000,0.000000,0.000000,2.839122,0.000000,0.901713,0.000000,0.394786,0.000000,0.000000,0.000000,3.018256,0.000000,0.000000,0.972383
0.000000,1.872446,0.000000,3.355789,0.751279,4.074339,3.728950,4.848663,0.790582,2.070600,1.213428,0.244471,1.738337,0.000000,4.493181,0.000000,0.000000,3.803119,1.120743,0.523571,0.000000,4.938001,0.000000,0.000000,0.000000,0.000000,0.000000,0.000000,1.778643,0.000000,0.000000,4.878177,0.000000,0.000000,0.000000,0.000000,0.129572,0.000000,1.877017,1.039994,1.237839,0.000000,0.000000,0.000000,0.000000,0.294737,2.136751,0.000000,0.000000,0.000000
0.309364,5.976504,0.000000,4.027986,2.535744,6.781066,5.556725,8.619455,1.260955,5.375290,1.550960,0.000000,0.835530,0.000000,4.653494,0.000000,1.213671,7.767503,0.000000,0.436506,0.000000,6.782695,0.000000,0.378035,0.000000,0.000000,0.000000,0.000000,2.324991,0.000000,0.000000,8.279917,0.000000,0.000000,0.371141,0.000000,0.000000,0.000000,2.880397,0.000000,0.764036,0.000000,0.832024,0.000000,0.000000,0.000000,4.051453,0.000000,0.000000,0.480076
0.000000,4.684565,0.000000,4.808024,1.950508,2.678817,5.501580,5.576799,1.123600,3.350806,0.753419,0.000000,0.000000,0.000000,3.904125,0.853177,1.248305,5.761913,0.000000,0.999214,0.000000,7.004835,0.000000,0.106681,0.000000,0.031911,0.000000,0.000000,1.882934,0.000000,0.000000,6.466967,0.000000,0.000000,0.513639,0.000000,0.000000,0.000000,1.718995,0.713809,0.082831,0.000000,0.786676,0.000000,0.000000,0.199876,2.267735,0.000000,0.000000,0.936477
2.394740,3.699478,0.001446,1.141544,0.868188,1.119171,0.184342,3.340837,0.695663,1.804774,0.000000,0.000000,0.215184,0.000000,0.881867,2.367875,2.131605,3.426538,0.000000,0.638337,0.000000,2.096262,0.000000,0.000000,2.657595,0.800482,0.000000,0.000000,0.177690,0.000000,0.391859,2.531903,0.000000,0.000000,2.019606,0.525679,0.000000,0.000000,1.452197,0.789088,0.376957,0.000000,1.939239,0.000000,0.000000,0.144813,1.042585,0.000000,0.000000,0.000000
0.355766,9.376406,0.000000,6.940104,4.336007,8.763412,7.901132,12.668833,1.083668,7.915367,0.596179,0.000000,0.000000,0.000000,6.226307,0.586694,1.496931,12.200312,0.000000,0.000000,0.000000,12.409404,0.000000,0.837925,0.000000,0.000000,0.000000,0.000000,2.698961,0.000000,0.000000,13.090999,0.000000,0.000000,2.033262,0.000000,0.000000,0.000000,2.922294,0.000000,0.806220,0.000000,2.075073,0.000000,0.000000,0.000000,6.264805,0.000000,0.000000,2.361176
0.459650,7.022090,0.000000,6.063897,3.335480,3.568168,6.544381,8.627703,1.403265,4.935391,0.376931,0.000000,0.000000,0.000000,4.623353,1.577833,1.658582,9.294256,0.000000,0.000000,0.000000,9.187140,0.000000,0.735362,0.037876,0.000000,0.000000,0.000000,1.357744,0.000000,0.000000,8.618060,0.000000,0.000000,1.776574,0.000000,0.000000,0.000000,2.075811,0.000000,0.000000,0.000000,2.252187,0.000000,0.000000,0.000000,4.126638,0.000000,0.000000,2.123980
0.000000,0.854970,0.000000,0.621479,0.151416,1.431786,0.000000,0.222110,1.240470,0.331777,5.404501,3.052869,4.267323,0.000000,9.350373,0.000000,0.000000,0.000000,0.686105,9.575097,0.000000,0.000000,12.269109,0.000000,0.000000,11.211164,0.000000,0.000000,0.726356,0.000000,7.855922,0.000000,0.000000,0.000000,0.000000,0.000000,10.431746,0.000000,0.000000,12.995926,5.339181,0.000000,0.000000,0.000000,0.000000,9.475665,0.000000,0.000000,9.108218,0.000000
0.000000,1.364171,0.000000,0.000000,0.000000,0.505892,0.000000,0.000000,1.510485,0.000000,6.934941,3.587278,5.326059,0.000000,11.514265,0.000000,0.000000,0.000000,0.755328,10.271753,0.000000,0.000000,15.994612,0.000000,0.000000,14.416780,0.000000,0.000000,0.352582,0.000000,9.570038,0.000000,0.000000,0.000000,0.000000,0.000000,12.450984,0.000000,0.000000,16.519896,7.021412,0.000000,0.000000,0.000000,0.000000,10.965775,0.000000,0.000000,10.459140,0.000000
0.000000,1.025900,0.000000,0.000000,0.000000,1.222965,0.000000,0.000000,1.079316,0.571284,5.802058,2.602683,4.824351,0.000000,10.269709,0.000000,0.000000,0.000000,0.257163,9.968359,0.000000,0.000000,13.888577,0.000000,0.000000,11.623775,0.000000,0.000000,0.569767,0.000000,7.912612,0.000000,0.000000,0.000000,0.000000,0.000000,11.935471,0.000000,0.000000,14.535416,6.432175,0.000000,0.000000,0.000000,0.000000,9.733609,0.000000,0.000000,9.267187,0.000000
0.002524,1.413109,0.000000,0.000000,0.000000,1.103362,0.000000,0.000000,1.346305,0.096998,5.022795,2.609389,3.866235,0.000000,9.068461,0.680717,0.000000,0.000000,1.093029,9.037414,0.000000,0.000000,13.065825,0.000000,0.000000,10.796357,0.000000,0.000000,0.271421,0.000000,7.087905,0.000000,0.000000,0.000000,0.000000,0.000000,10.149829,0.000000,0.000000,13.462530,5.573167,0.000000,0.000000,0.000000,0.000000,8.519390,0.000000,0.000000,8.249869,0.000000
0.000000,1.740931,0.000000,1.267043,1.903092,1.459824,0.534376,0.000000,1.992103,2.373532,3.800102,3.869380,3.691751,0.000000,8.302619,0.729517,1.080355,0.000000,0.289951,8.636104,0.000000,1.325161,10.464710,0.000000,0.000000,10.744810,0.000000,0.000000,1.329058,0.000000,8.170324,0.650643,0.000000,0.000000,0.121669,0.000000,9.512343,0.000000,0.486275,11.857138,5.053180,0.000000,1.720093,0.000000,0.000000,8.362522,1.173099,0.000000,7.028933,0.000000
0.000000,0.642296,0.000000,0.000000,0.000000,0.000000,0.000000,0.000000,0.565736,0.176680,4.821956,2.034195,3.761192,0.000000,10.066563,0.000000,0.000000,0.000000,1.624345,8.656282,0.000000,0.000000,11.214499,0.000000,0.000000,9.254920,0.000000,0.000000,0.862808,0.000000,7.073657,0.000000,0.000000,0.000000,0.000000,0.000000,10.078504,0.000000,0.000000,12.266367,5.894660,0.000000,0.000000,0.000000,0.000000,8.962126,0.000000,0.000000,8.354210,0.000000
0.000000,2.453724,0.000000,0.000000,0.260485,0.000000,0.000000,0.000000,2.106874,0.805910,5.668746,2.578442,3.621299,0.000000,10.710345,0.500907,0.000000,0.516211,1.848463,11.388571,0.000000,0.000000,13.946560,0.000000,0.000000,10.933839,0.000000,0.000000,0.153742,0.000000,7.761812,0.000000,0.000000,0.000000,0.000000,0.000000,12.893786,0.000000,0.077989,13.714634,7.595335,0.000000,0.346550,0.000000,0.000000,10.160408,0.000000,0.000000,10.130836,0.000000
0.000000,1.127886,0.000000,0.000000,0.246613,1.474518,0.000000,0.000000,0.376050,0.436284,5.963928,3.776496,4.556600,0.000000,11.190418,0.000000,0.000000,0.000000,1.228131,11.050837,0.000000,0.000000,14.447042,0.000000,0.000000,13.107090,0.000000,0.000000,0.995455,0.000000,9.250940,0.000000,0.000000,0.000000,0.000000,0.000000,10.708447,0.000000,0.326029,16.161144,6.255617,0.000000,0.000000,0.000000,0.000000,10.896050,0.000000,0.000000,10.267344,0.000000
0.000000,1.486373,0.000000,0.391111,0.000000,0.920393,0.000000,0.000000,0.562783,0.647955,7.586023,4.979608,5.648023,0.000000,13.505746,0.000000,0.000000,0.000000,0.593675,12.956233,0.000000,0.000000,17.716181,0.000000,0.000000,16.290829,0.000000,0.000000,1.150710,0.000000,13.654328,0.000000,0.000000,0.000000,0.000000,0.000000,14.105228,0.000000,0.000000,20.334467,7.504096,0.000000,0.222013,0.000000,0.000000,13.704563,0.000000,0.000000,13.051480,0.000000
0.000000,1.101329,0.000000,0.000000,1.302285,0.229283,1.581707,0.000000,1.065523,1.570650,1.277286,2.226504,1.642159,0.000000,7.049511,0.492813,0.000000,0.171047,2.162016,6.684227,0.000000,0.225235,6.265368,0.000000,0.000000,6.240330,0.000000,0.000000,0.638574,0.000000,3.649392,0.000000,0.000000,0.000000,0.000000,0.000000,8.593795,0.000000,0.334068,7.083662,4.496953,0.000000,0.854558,0.000000,0.000000,6.339204,1.505775,0.350849,6.293254,1.049366
0.000000,2.004844,0.000000,0.000000,0.556935,0.873706,1.025164,0.000000,0.975600,1.608598,2.184764,2.383421,1.711790,0.000000,7.383841,0.447224,0.402652,0.964178,2.430017,6.478414,0.000000,0.511782,7.794675,0.000000,0.000000,7.573625,0.000000,0.000000,0.654070,0.000000,4.083695,0.000000,0.000000,0.000000,0.000000,0.000000,8.175242,0.000000,0.000000,7.797475,4.236652,0.104651,0.534812,0.000000,0.000000,6.347369,0.246115,0.000000,6.518367,0.521852
0.000000,0.618521,0.000000,0.000000,0.000000,0.241422,1.092758,0.000000,0.652158,1.363311,1.474793,0.925192,0.993595,0.000000,4.723720,0.000000,0.000000,0.243942,1.092403,4.222486,0.000000,0.140567,4.751804,0.000000,0.000000,4.660033,0.000000,0.000000,0.416883,0.000000,3.362366,0.000000,0.000000,0.000000,0.000000,0.000000,4.990266,0.000000,0.194321,4.774486,2.237302,0.000000,0.190870,0.000000,0.000000,3.769639,0.333840,0.000000,4.422964,0.000000
0.000000,1.116911,0.000000,0.000000,0.000000,1.098014,0.000000,0.000000,2.496792,0.000000,9.938052,5.579859,7.964631,0.000000,17.130617,0.000000,0.000000,0.000000,0.000000,16.389475,0.000000,0.000000,22.332336,0.000000,0.000000,20.771187,0.000000,0.000000,1.210099,0.000000,14.348497,0.000000,0.000000,0.000000,0.000000,0.000000,18.415339,0.000000,0.000000,24.759583,10.583518,0.000000,0.042603,0.000000,0.000000,16.034164,0.000000,0.000000,15.232569,0.000000
0.000000,1.478341,0.000000,1.009626,0.714643,0.123455,0.091889,0.000000,1.605797,0.543294,2.407881,1.500147,2.151570,0.000000,8.718259,0.448312,0.000000,0.207600,1.770625,8.151561,0.000000,0.000000,8.758934,0.000000,0.000000,7.046085,0.000000,0.000000,0.308630,0.000000,4.257909,0.000000,0.000000,0.000000,0.000000,0.000000,9.755590,0.000000,0.000000,9.591374,5.383658,0.000000,0.000000,0.000000,0.000000,7.812564,0.000000,0.000000,6.842660,0.000000
0.000000,2.655044,0.000000,1.117336,0.935872,0.000000,0.739878,1.278539,0.086688,0.250494,3.055873,2.111335,2.947478,0.000000,8.441723,1.094183,0.000000,1.118820,0.000000,8.631140,0.000000,0.735910,7.155113,0.000000,0.000000,7.344453,0.000000,0.000000,0.442907,0.000000,4.477955,0.000000,0.000000,0.000000,0.000000,0.000000,7.409801,0.000000,0.321354,11.202985,4.951997,0.000000,0.000000,0.000000,0.000000,7.706280,0.000000,0.000000,7.035650,0.000000
0.000000,1.160845,0.000000,1.162077,0.209548,0.237823,0.855193,0.578137,1.340955,0.454616,2.259690,1.416169,1.985205,0.000000,7.300575,0.012728,0.000000,1.209768,2.052194,5.954977,0.000000,0.724513,6.314516,0.000000,0.000000,5.055767,0.000000,0.000000,0.877241,0.000000,4.008606,0.000000,0.000000,0.000000,0.000000,0.000000,7.053217,0.000000,0.151143,7.863832,3.831568,0.000000,0.000000,0.000000,0.000000,5.899864,0.000000,0.000000,5.972262,0.000000
0.050532,3.910148,0.000000,1.958697,1.361986,2.501033,0.828519,1.153302,0.724514,1.659321,3.704774,2.774606,2.865437,0.000000,7.443635,1.536664,0.761295,3.218045,0.000000,8.270901,0.000000,2.409738,9.178402,0.000000,0.000000,10.196514,0.000000,0.000000,2.224569,0.000000,6.885015,1.526511,0.000000,0.000000,0.130000,0.000000,7.258085,0.000000,0.151917,10.248617,3.801826,0.000000,1.292290,0.000000,0.000000,6.198798,0.987887,0.000000,5.720474,0.000000
0.000000,0.309491,0.000000,0.865882,0.000000,1.535232,0.000000,0.249356,0.766797,0.669904,4.581510,3.349783,4.983764,0.000000,10.673452,0.000000,0.000000,0.000000,0.697245,9.766055,0.000000,0.194317,11.519908,0.000000,0.000000,11.436136,0.000000,0.000000,1.439919,0.000000,8.303652,0.000000,0.000000,0.000000,0.000000,0.000000,10.070072,0.000000,0.108217,14.289621,5.503222,0.000000,0.190659,0.000000,0.000000,9.317974,0.000000,0.000000,8.103979,0.000000
0.000000,0.483593,0.000000,0.000000,0.402208,0.313736,0.000000,0.000000,0.903270,0.213023,4.401587,2.527986,3.784100,0.000000,10.644088,0.000000,0.000000,0.000000,2.060255,9.678356,0.000000,0.000000,12.466124,0.000000,0.000000,9.720935,0.000000,0.000000,0.403433,0.000000,7.983529,0.000000,0.000000,0.000000,0.000000,0.000000,11.088026,0.000000,0.123665,13.185197,5.718805,0.000000,0.000000,0.000000,0.000000,9.398726,0.000000,0.000000,8.427022,0.000000
0.000000,2.028097,0.000000,0.000000,0.000000,1.518834,0.000000,0.000000,0.000000,0.508287,6.150610,3.153685,3.674478,0.000000,9.021679,0.000000,0.228936,0.349031,1.063547,8.887572,0.000000,0.151468,12.694823,0.000000,0.000000,12.691236,0.000000,0.000000,1.083771,0.000000,8.699976,0.000000,0.000000,0.000000,0.000000,0.000000,8.108708,0.000000,0.000000,13.677776,5.310276,0.000000,0.184150,0.000000,0.000000,9.148001,0.000000,0.000000,9.093731,0.000000
0.000000,1.337662,0.000000,0.000000,0.000000,1.690285,0.000000,0.000000,1.692237,1.327550,8.741779,4.197822,6.480104,0.000000,14.785736,0.000000,0.000000,0.000000,1.403678,13.429053,0.000000,0.000000,21.584337,0.000000,0.000000,18.623198,0.000000,0.000000,0.390995,0.000000,13.591821,0.000000,0.000000,0.000000,0.000000,0.000000,15.953195,0.000000,0.000000,20.875526,8.978534,0.000000,0.000000,0.000000,0.000000,14.262087,0.000000,0.000000,13.409265,0.000000
0.000000,1.086123,0.000000,0.000000,0.000000,0.000000,0.000000,0.000000,0.628007,0.130833,4.954948,2.001755,3.316411,0.000000,7.498829,0.000000,0.000000,0.111520,0.951582,6.427430,0.000000,0.000000,10.223497,0.000000,0.000000,9.850095,0.000000,0.000000,0.090157,0.000000,6.776188,0.000000,0.000000,0.000000,0.000000,0.000000,6.638857,0.000000,0.000000,11.196800,4.975590,0.000000,0.000000,0.000000,0.000000,7.200069,0.000000,0.000000,7.003157,0.000000
0.000000,0.149014,0.000000,0.000000,0.000000,0.142584,0.000000,0.000000,1.455843,0.000000,8.790229,5.139731,7.001156,0.000000,16.978952,0.000000,0.000000,0.000000,0.986786,14.009788,0.000000,0.000000,22.609678,0.000000,0.000000,20.007935,0.000000,0.000000,0.000000,0.000000,14.436347,0.000000,0.000000,0.000000,0.000000,0.000000,16.957388,0.000000,0.000000,22.314081,9.861333,0.000000,0.000000,0.000000,0.000000,17.147070,0.000000,0.000000,13.718192,0.000000
0.000000,1.711024,0.000000,0.496722,1.935618,0.875246,0.600572,0.913808,1.238198,1.599549,3.419958,3.356185,2.885449,0.000000,6.461682,0.205538,0.790902,0.353933,0.812696,7.252891,0.000000,1.281925,7.583244,0.000000,0.000000,7.871425,0.000000,0.000000,1.538902,0.000000,6.868900,1.182753,0.000000,0.000000,0.000000,0.000000,6.643423,0.000000,1.005160,9.711603,3.781039,0.277674,1.179690,0.000000,0.000000,6.331364,0.954046,0.000000,5.778141,0.000000
0.018120,2.096376,0.000000,1.374228,2.724823,1.364072,0.997012,1.472719,1.057375,1.708131,3.571904,3.386439,2.688838,0.000000,6.397230,0.285246,0.908373,0.986067,0.350383,7.199722,0.000000,1.893442,7.361671,0.000000,0.000000,7.915186,0.000000,0.000000,1.801287,0.000000,7.176349,1.841380,0.000000,0.000000,0.189108,0.000000,6.272167,0.000000,0.989336,9.576338,3.647526,0.000000,1.510670,0.000000,0.000000,6.174968,1.099535,0.000000,5.169871,0.288615
0.000000,0.715360,0.886641,0.000000,0.018316,0.499670,0.204847,0.027438,0.952313,0.682272,1.795830,2.054773,1.680278,0.000000,3.024328,0.067735,0.012679,0.000000,0.088922,3.867761,0.000000,0.285825,4.267028,0.000000,0.000000,3.793647,0.000000,0.000000,0.224006,0.000000,3.714075,0.170329,0.000000,0.000000,0.000000,0.000000,3.698515,0.000000,0.316934,4.327939,1.617583,0.000000,0.000000,0.000000,0.000000,2.836318,0.204514,0.000000,3.061297,0.000000
0.000000,1.653320,0.000000,0.859223,1.081066,0.419797,1.135984,0.282263,2.111572,1.209848,2.272074,2.028646,2.103557,0.000000,7.807545,0.000000,0.002421,1.175509,2.641265,6.247817,0.000000,1.108944,6.401626,0.000000,0.000000,4.916080,0.000000,0.000000,1.380772,0.000000,3.843268,0.000000,0.000000,0.000000,0.000000,0.000000,8.123942,0.000000,0.453105,6.596018,4.041075,0.250970,0.000000,0.000000,0.000000,5.276938,0.482656,0.000000,5.827610,0.000000
0.000000,0.285426,0.000000,0.151388,0.117296,1.072166,0.000000,0.000000,1.707196,0.853659,3.839548,2.183056,3.276598,0.000000,10.041986,0.000000,0.000000,0.000000,1.389159,8.112730,0.000000,0.352436,10.723724,0.000000,0.000000,8.889899,0.000000,0.000000,0.740221,0.000000,6.747928,0.000000,0.000000,0.000000,0.000000,0.000000,9.904180,0.000000,0.173519,12.826971,5.190021,0.000000,0.000000,0.000000,0.000000,8.996205,0.000000,0.000000,6.953452,0.000000
0.000000,0.660241,0.000000,0.000000,0.342232,0.975975,0.072357,0.000000,0.000000,1.617633,2.568064,1.433144,2.122998,0.000000,6.269391,0.000000,0.000000,0.000000,1.560094,4.468965,0.000000,0.836908,7.638706,0.000000,0.000000,5.512122,0.000000,0.000000,0.310547,0.000000,5.264329,0.000000,0.000000,0.000000,0.000000,0.000000,6.330176,0.000000,0.000000,7.106588,3.103390,0.000000,0.000000,0.000000,0.000000,5.833402,0.000000,0.000000,4.900048,0.163617
0.000000,1.505314,0.000000,1.444442,0.000000,1.275936,1.308765,1.047215,0.619038,0.000000,2.926515,1.060598,2.562887,0.000000,6.506780,0.105449,0.000000,1.085764,0.273460,5.404238,0.000000,1.826472,6.391989,0.000000,0.000000,5.234006,0.000000,0.000000,0.993533,0.000000,3.509214,0.567858,0.000000,0.000000,0.000000,0.000000,5.557720,0.000000,0.744806,8.846061,3.056678,0.000000,0.000000,0.000000,0.000000,5.330311,0.000000,0.000000,5.050503,0.000000
0.000000,1.285105,0.000000,0.566783,0.547530,0.000000,0.771987,0.031616,2.037958,1.122196,2.375067,1.328110,2.437645,0.000000,8.433195,0.000000,0.000000,1.102123,2.161365,7.110029,0.000000,0.000000,6.834450,0.000000,0.000000,6.447258,0.000000,0.000000,0.638562,0.000000,3.896798,0.000000,0.000000,0.000000,0.089263,0.000000,9.446260,0.000000,0.286487,8.288218,5.990206,0.000000,0.455827,0.000000,0.000000,6.804317,0.000000,0.000000,6.619439,0.000000
0.000000,2.121430,0.000000,1.214452,0.321958,0.943209,1.336696,1.269920,1.232043,1.497825,4.606546,3.073060,2.704633,0.000000,7.694916,0.000000,0.698980,2.152872,1.385329,7.838426,0.000000,0.898499,8.017471,0.000000,0.000000,8.178545,0.000000,0.000000,1.837852,0.000000,5.779863,0.258604,0.000000,0.000000,0.000000,0.000000,6.732504,0.000000,1.376492,9.272787,4.218760,0.000000,0.166446,0.000000,0.000000,6.974800,0.591852,0.000000,8.102293,0.000000
0.000000,0.108116,0.000000,0.000000,0.000000,0.086662,0.000000,0.000000,1.466565,0.224854,4.286233,1.569272,3.651168,0.000000,8.842305,0.000000,0.000000,0.000000,1.621053,7.202286,0.000000,0.000000,10.734946,0.000000,0.000000,7.893102,0.000000,0.000000,0.000000,0.000000,6.253507,0.000000,0.000000,0.000000,0.000000,0.000000,9.765179,0.000000,0.000000,10.445679,5.324790,0.000000,0.000000,0.000000,0.000000,7.867803,0.000000,0.000000,6.714381,0.000000
0.000000,1.356385,0.000000,0.738243,0.673386,0.077281,1.104264,0.230007,0.000000,0.391840,2.991215,2.330401,1.962577,0.000000,4.175047,0.000000,0.000000,0.554967,0.265845,3.829186,0.000000,0.510500,4.682500,0.000000,0.000000,5.283247,0.000000,0.000000,0.757716,0.000000,5.043306,1.418913,0.000000,0.000000,0.000000,0.000000,2.747223,0.000000,0.021879,6.201538,2.365481,0.000000,0.269584,0.000000,0.000000,4.279454,0.016476,0.000000,4.043439,0.002055
0.000000,1.792364,0.000000,2.369623,0.507329,1.269754,0.911286,0.974385,0.000000,0.607808,3.530330,2.426740,2.781648,0.000000,7.532229,0.000000,0.000000,0.940272,0.359743,6.876485,0.000000,1.295392,7.271647,0.000000,0.000000,7.870068,0.000000,0.000000,1.402363,0.000000,5.151763,0.874566,0.000000,0.000000,0.000000,0.000000,6.309842,0.000000,0.000000,10.885592,3.855250,0.000000,0.000000,0.000000,0.000000,7.689966,0.000000,0.000000,6.827706,0.000000
0.000000,1.024509,0.000000,0.000000,0.561055,0.000000,0.369260,0.000000,1.267458,0.361035,3.735185,1.829728,2.571088,0.000000,7.722391,0.000000,0.000000,0.115395,1.436758,6.938857,0.000000,0.123299,8.742975,0.000000,0.000000,6.235600,0.000000,0.000000,1.073415,0.000000,5.360682,0.000000,0.000000,0.000000,0.000000,0.000000,8.036185,0.000000,0.725197,8.759876,4.319727,0.000000,0.000000,0.000000,0.000000,5.818581,0.000000,0.000000,5.549265,0.000000
0.000000,0.650248,0.000000,0.908198,0.000000,1.732576,1.007593,1.065292,0.999076,0.708900,3.668216,2.281757,2.861726,0.000000,7.613056,0.000000,0.000000,0.487371,0.618737,6.231674,0.000000,0.984433,7.491282,0.000000,0.000000,8.154243,0.000000,0.000000,1.480343,0.000000,4.367009,0.000000,0.000000,0.000000,0.000000,0.000000,5.929691,0.000000,0.895854,9.320790,3.717132,0.000000,0.000000,0.000000,0.000000,6.467704,0.000000,0.000000,6.251847,0.000000
0.000000,0.230060,0.000000,0.000000,0.000000,0.009043,0.000000,0.000000,1.954205,0.815097,3.949347,1.516601,3.032654,0.000000,8.999150,0.000000,0.000000,0.000000,1.717897,7.384860,0.000000,0.000000,10.324359,0.000000,0.000000,8.753337,0.000000,0.000000,0.166400,0.000000,5.949312,0.000000,0.000000,0.000000,0.000000,0.000000,9.696534,0.000000,0.000000,10.543962,5.146445,0.000000,0.000000,0.000000,0.000000,7.874403,0.000000,0.000000,6.936664,0.000000
0.000000,0.735876,0.000000,1.390033,0.900675,1.225255,1.071338,0.567702,1.294033,0.977624,3.132386,1.981350,2.926262,0.000000,7.775376,0.000000,0.000000,0.389421,1.879065,6.824196,0.000000,0.876490,8.207917,0.000000,0.000000,6.452950,0.000000,0.000000,1.124199,0.000000,5.918646,0.000000,0.000000,0.000000,0.000000,0.000000,7.982096,0.000000,0.490628,7.728625,3.935540,0.000000,0.000000,0.000000,0.000000,6.595602,0.101944,0.000000,6.231350,0.000000
0.000000,1.772537,0.000000,1.293276,0.124086,1.828002,0.000000,0.247828,1.159077,0.320068,4.150947,2.379080,2.756543,0.000000,7.978514,0.000000,0.102807,1.051154,0.000000,7.335387,0.000000,0.470602,10.049669,0.000000,0.000000,9.235406,0.000000,0.000000,1.922533,0.000000,5.604775,0.000000,0.000000,0.000000,0.149405,0.000000,8.295238,0.000000,0.000000,11.164183,4.589905,0.000000,0.000000,0.000000,0.000000,7.244697,0.000000,0.000000,5.890652,0.000000
0.000000,0.000000,0.000000,0.564211,0.000000,1.029546,0.213376,0.157754,0.209525,0.632793,3.197593,1.213428,3.751303,0.000000,7.785274,0.000000,0.000000,0.000000,1.675531,5.623813,0.000000,0.000000,8.568843,0.000000,0.000000,6.250638,0.000000,0.000000,0.061401,0.000000,5.223544,0.000000,0.000000,0.000000,0.000000,0.000000,8.029784,0.000000,0.000000,8.966380,3.954867,0.000000,0.000000,0.000000,0.000000,6.516228,0.000000,0.000000,6.161940,0.000000
0.000000,1.429093,0.000000,1.303947,0.499699,0.433848,1.768249,1.359292,1.407903,0.478583,2.634531,1.831944,2.102358,0.000000,7.152420,0.000000,0.000000,1.204627,1.409525,5.791883,0.000000,1.732930,5.693944,0.000000,0.000000,4.760895,0.000000,0.000000,1.308001,0.000000,3.258562,0.289469,0.000000,0.000000,0.000000,0.000000,6.245595,0.000000,0.513102,7.501064,3.288122,0.000000,0.000000,0.000000,0.000000,4.422471,0.401574,0.000000,4.733524,0.000000
0.000000,0.877473,0.000000,1.021408,0.000000,0.890115,0.000000,0.732661,0.000000,0.248155,4.692319,2.840770,3.812690,0.000000,6.408480,0.000000,0.000000,0.891847,0.000000,4.302965,0.000000,0.059092,6.791856,0.000000,0.000000,7.070848,0.000000,0.000000,0.965918,0.000000,4.822209,0.804446,0.000000,0.000000,0.000000,0.000000,3.972806,0.000000,0.000000,8.880625,3.662117,0.000000,0.000000,0.000000,0.000000,6.329392,0.000000,0.000000,5.453375,0.000000
0.000000,0.635342,0.000000,0.000000,0.000000,1.069584,0.000000,0.000000,1.252237,0.000000,6.290996,3.411838,5.710921,0.000000,12.348948,0.000000,0.000000,0.000000,0.781067,11.280811,0.000000,0.000000,14.821439,0.000000,0.000000,13.421159,0.000000,0.000000,0.433570,0.000000,9.088645,0.000000,0.000000,0.000000,0.000000,0.000000,13.036278,0.000000,0.000000,17.227343,7.397938,0.000000,0.000000,0.000000,0.000000,10.855484,0.000000,0.000000,9.914264,0.000000
0.000000,0.548460,0.000000,0.000000,0.000000,0.000000,0.000000,0.000000,0.711282,0.000000,5.537343,2.445125,3.937763,0.000000,8.189690,0.000000,0.000000,0.000000,0.458528,6.576834,0.000000,0.000000,11.383058,0.000000,0.000000,10.061210,0.000000,0.000000,0.231280,0.000000,7.380416,0.000000,0.000000,0.000000,0.000000,0.000000,7.858707,0.000000,0.000000,12.243917,5.413770,0.000000,0.000000,0.000000,0.000000,8.161451,0.000000,0.000000,7.295505,0.000000
0.000000,0.650455,0.000000,0.215064,0.750721,0.597117,0.000000,0.000000,1.019624,0.000000,5.904031,3.144154,5.349493,0.000000,11.732518,0.000000,0.000000,0.000000,1.461357,11.698527,0.000000,0.000000,13.490184,0.000000,0.000000,10.740478,0.000000,0.000000,0.119172,0.000000,8.044567,0.000000,0.000000,0.000000,0.000000,0.000000,12.359859,0.000000,0.130718,15.483662,6.588461,0.000000,0.000000,0.000000,0.000000,10.947219,0.000000,0.000000,9.506464,0.000000
0.000000,1.427676,0.000000,0.000000,0.345196,1.780782,0.000000,0.017343,1.365839,0.079031,5.083423,2.811868,3.657604,0.000000,8.712535,0.000000,0.000000,0.130574,0.359948,9.016622,0.000000,0.000000,11.109329,0.000000,0.000000,10.741343,0.000000,0.000000,0.932384,0.000000,6.669957,0.000000,0.000000,0.000000,0.000000,0.000000,9.277670,0.000000,0.000000,12.545403,5.438241,0.000000,0.000000,0.000000,0.000000,8.221892,0.000000,0.000000,7.520345,0.000000
0.000000,0.000000,0.000000,0.311000,0.656774,0.769045,0.000000,0.000000,1.443309,0.608045,5.204841,4.703206,5.103856,0.000000,11.623830,0.189152,0.000000,0.000000,0.349542,10.265229,0.000000,0.000000,13.223429,0.000000,0.000000,12.197880,0.000000,0.000000,1.070350,0.000000,9.825583,0.000000,0.000000,0.000000,0.000000,0.000000,11.422034,0.000000,0.000000,16.135508,6.402609,0.000000,0.000000,0.000000,0.000000,11.546172,0.000000,0.000000,9.009148,0.000000
0.000000,2.442091,0.000000,0.000000,0.337891,0.573940,0.000000,0.000000,1.071917,1.155887,6.141465,4.198833,4.074557,0.000000,10.558470,0.889188,0.650997,0.291548,0.636653,12.140100,0.000000,0.000000,13.700349,0.000000,0.000000,13.864168,0.000000,0.000000,1.211309,0.000000,9.763312,0.000000,0.000000,0.000000,0.000000,0.000000,11.218863,0.000000,0.700296,15.852191,6.599448,0.000000,1.243775,0.000000,0.000000,10.951583,0.000000,0.000000,11.411145,0.000000
0.000000,1.171970,0.000000,1.179599,0.000000,1.510666,0.000000,1.108126,1.724149,0.491866,5.158292,3.200227,3.763973,0.000000,9.047102,0.008006,0.575950,0.220768,0.697294,9.164495,0.000000,0.000000,11.297034,0.000000,0.000000,10.253400,0.000000,0.000000,0.985879,0.000000,6.769488,0.000000,0.000000,0.000000,0.000000,0.000000,9.943037,0.000000,0.000000,11.238153,5.325319,0.000000,0.000000,0.000000,0.000000,8.365932,0.000000,0.000000,8.636614,0.000000
0.000000,0.000000,0.000000,0.000000,0.000000,0.510889,0.000000,0.000000,1.253457,0.091298,5.185951,2.168560,4.016213,0.000000,9.672310,0.000000,0.000000,0.000000,1.189440,8.238039,0.000000,0.000000,11.872198,0.000000,0.000000,9.690248,0.000000,0.000000,0.000000,0.000000,7.132564,0.000000,0.000000,0.000000,0.000000,0.000000,10.340589,0.000000,0.000000,12.059897,5.707787,0.000000,0.000000,0.000000,0.000000,9.169619,0.000000,0.000000,7.488727,0.000000
0.000000,1.726234,0.000000,0.000000,0.294641,1.304704,0.000000,0.000000,1.139092,0.314025,7.140046,4.246202,5.536412,0.000000,12.777105,1.239621,0.000000,0.000000,0.499424,13.652512,0.000000,0.000000,17.136415,0.000000,0.000000,15.843678,0.000000,0.000000,1.231323,0.000000,12.090355,0.000000,0.000000,0.000000,0.000000,0.000000,14.318710,0.000000,0.000000,19.328424,8.018767,0.000000,0.847213,0.000000,0.000000,12.448092,0.000000,0.000000,13.081821,0.000000
0.000000,0.758835,0.000000,0.000000,0.000000,0.256726,0.000000,0.010029,1.634457,0.391632,4.193823,1.877777,3.723014,0.000000,10.393868,0.000000,0.000000,0.082430,1.700643,8.895657,0.000000,0.000000,10.997073,0.000000,0.000000,8.829406,0.000000,0.000000,0.447961,0.000000,5.673490,0.000000,0.000000,0.000000,0.000000,0.000000,11.096415,0.000000,0.000000,11.383420,5.820666,0.000000,0.000000,0.000000,0.000000,8.506698,0.000000,0.000000,7.462087,0.000000
0.000000,0.555026,0.000000,0.000000,0.000000,0.354181,0.000000,0.000000,1.476977,0.183416,5.751405,2.455848,4.382501,0.000000,10.549950,0.000000,0.000000,0.000000,1.292989,9.084340,0.000000,0.000000,14.230716,0.000000,0.000000,11.655800,0.000000,0.000000,0.000000,0.000000,8.063783,0.000000,0.000000,0.000000,0.000000,0.000000,11.521272,0.000000,0.000000,13.907950,5.958111,0.000000,0.000000,0.000000,0.000000,9.615909,0.000000,0.000000,8.410713,0.000000
0.000000,0.939940,0.000000,0.815281,0.798726,0.311382,2.729470,0.200377,1.162314,1.605427,1.000674,2.129298,1.386170,0.000000,6.144409,0.029779,0.000000,0.977677,2.594783,5.060850,0.000000,2.181276,4.324813,0.000000,0.000000,4.489754,0.000000,0.000000,1.208040,0.000000,3.174331,0.583563,0.000000,0.000000,0.000000,0.000000,5.905532,0.000000,1.201355,5.738689,2.935701,0.000000,0.018270,0.000000,0.000000,4.311425,0.876850,0.052048,5.633294,1.260478
0.000000,1.422821,0.000000,0.000000,0.430217,1.070000,0.000000,0.000000,0.930596,0.228552,4.059932,2.358239,3.403654,0.000000,8.515202,0.470614,0.000000,0.000000,1.472455,8.347464,0.000000,0.000000,10.798241,0.000000,0.000000,8.989889,0.000000,0.000000,0.629312,0.000000,5.662150,0.000000,0.000000,0.000000,0.000000,0.000000,9.298239,0.000000,0.260125,11.685163,4.993803,0.000000,0.000000,0.000000,0.000000,7.803003,0.000000,0.000000,7.045467,0.000000
0.000000,0.000000,0.000000,0.797821,0.000000,0.000000,0.047497,0.076933,0.544290,0.000000,2.761281,0.233850,3.162973,0.000000,8.164562,0.000000,0.000000,0.000000,1.217598,5.533092,0.000000,0.000000,7.113714,0.000000,0.000000,5.612536,0.000000,0.000000,0.503078,0.000000,4.407723,0.000000,0.000000,0.000000,0.000000,0.000000,7.681305,0.000000,0.000000,8.257117,3.943891,0.000000,0.000000,0.000000,0.000000,6.972628,0.000000,0.000000,5.694754,0.000000
0.000000,0.906556,0.000000,0.000000,1.048988,0.313112,1.441612,0.000000,0.464802,1.358897,1.413657,2.066216,2.087242,0.000000,6.706054,0.000000,0.000000,0.371214,2.280930,5.612644,0.000000,0.255183,5.393547,0.000000,0.000000,5.141271,0.000000,0.000000,0.221412,0.000000,3.148932,0.000000,0.000000,0.000000,0.000000,0.000000,8.125119,0.000000,0.092814,5.940906,4.152190,0.000000,0.257011,0.000000,0.000000,5.643812,1.379261,0.582607,5.230114,0.814108
0.000000,3.908300,0.000000,0.730713,1.138019,0.108766,0.271809,1.139325,0.525054,0.767957,3.966126,2.625652,3.237180,0.000000,9.183693,1.421431,0.960132,1.473409,0.457023,10.550413,0.000000,0.422872,9.242889,0.000000,0.000000,9.735023,0.000000,0.000000,0.483189,0.000000,6.600926,0.000000,0.000000,0.000000,0.247570,0.000000,8.459093,0.000000,0.679925,12.648198,5.505564,0.000000,1.155818,0.000000,0.000000,9.018760,0.136324,0.000000,8.622163,0.000000
0.000000,1.657427,0.000000,0.000000,0.271479,0.177570,0.453913,0.000000,1.092395,1.558122,2.346803,1.996131,1.832132,0.000000,7.526742,0.220620,0.119155,0.667553,2.456522,6.794236,0.000000,0.000000,8.680859,0.000000,0.000000,7.692310,0.000000,0.000000,0.321302,0.000000,4.793996,0.000000,0.000000,0.000000,0.000000,0.000000,8.912495,0.000000,0.000000,8.018661,4.602402,0.000000,0.313405,0.000000,0.000000,6.746630,0.000000,0.000000,6.594420,0.382785
0.000000,0.871350,0.000000,0.970779,0.493640,0.535781,0.297626,0.860207,0.328221,0.305213,3.845917,1.567254,3.572072,0.000000,8.357164,0.000000,0.000000,0.619475,0.805185,7.304339,0.000000,0.000000,7.811475,0.000000,0.000000,7.028570,0.000000,0.000000,1.926379,0.000000,5.432281,0.000000,0.000000,0.000000,0.000000,0.000000,7.799906,0.000000,1.081942,9.738501,4.845198,0.000000,0.000000,0.000000,0.000000,6.861025,0.000000,0.000000,6.894950,0.000000
0.000000,1.904514,0.000000,0.000000,1.802666,0.000000,0.422009,0.232813,1.196228,0.605591,3.004973,3.277362,3.452900,0.000000,10.319366,1.394710,0.000000,0.000000,1.875833,9.208267,0.000000,0.370467,10.223668,0.000000,0.000000,8.582630,0.000000,0.000000,0.582317,0.000000,5.701073,0.000000,0.000000,0.000000,0.000000,0.000000,10.315136,0.000000,0.741741,12.388711,5.968126,0.316807,0.173800,0.000000,0.000000,8.498894,0.044418,0.000000,8.052914,0.000000
0.000000,1.249590,0.000000,0.000000,0.000000,1.164829,0.000000,0.000000,2.337842,0.000000,7.816031,4.674614,6.191894,0.000000,13.920555,0.426336,0.000000,0.000000,0.738512,13.583744,0.000000,0.000000,18.983036,0.000000,0.000000,17.026587,0.000000,0.000000,1.087361,0.000000,11.456079,0.000000,0.000000,0.000000,0.000000,0.000000,15.131964,0.000000,0.000000,20.677673,8.360300,0.000000,0.371956,0.000000,0.000000,12.998178,0.000000,0.000000,12.105599,0.000000
0.000000,0.420752,0.000000,0.000000,0.519944,1.012946,0.000000,0.000000,1.631821,0.744019,3.758471,2.165431,3.481820,0.000000,10.358741,0.000000,0.000000,0.000000,1.581492,8.343842,0.000000,0.357037,10.934712,0.000000,0.000000,9.404741,0.000000,0.000000,0.864776,0.000000,6.824370,0.000000,0.000000,0.000000,0.000000,0.000000,10.126886,0.000000,0.000000,13.417453,5.096398,0.000000,0.000000,0.000000,0.000000,9.114817,0.000000,0.000000,7.402973,0.000000
0.000000,0.619600,0.000000,0.000000,0.242973,0.000000,0.000000,0.000000,0.557893,0.128284,3.900129,3.416978,3.119507,0.000000,6.942990,0.000000,0.000000,0.000000,1.712353,6.014374,0.000000,0.171528,7.843486,0.000000,0.000000,7.464043,0.000000,0.000000,0.465758,0.000000,4.763596,0.000000,0.000000,0.000000,0.000000,0.000000,5.662554,0.000000,0.028405,10.042560,4.561692,0.000000,0.000000,0.000000,0.000000,6.492054,0.000000,0.000000,6.404217,0.000000
0.000000,1.916250,0.000000,0.292803,0.000000,1.038614,0.000000,0.000000,0.917770,1.024277,5.226998,2.897387,4.264981,0.000000,10.084445,0.285844,0.000000,0.502049,0.766482,10.662641,0.000000,0.000000,12.928749,0.000000,0.000000,11.452522,0.000000,0.000000,0.514047,0.000000,7.986681,0.000000,0.000000,0.000000,0.244332,0.000000,11.647164,0.000000,0.000000,13.172207,6.413690,0.000000,0.000000,0.000000,0.000000,9.514051,0.000000,0.000000,9.191697,0.000000
0.000000,1.055394,0.000000,0.000000,0.000000,0.734069,0.396759,0.000000,1.029835,1.542952,2.991774,1.305333,1.477569,0.000000,5.818112,0.000000,0.249398,0.046417,1.031712,5.826342,0.000000,0.000000,7.739017,0.000000,0.000000,7.310883,0.000000,0.000000,0.319684,0.000000,5.339895,0.000000,0.000000,0.000000,0.000000,0.000000,6.695990,0.000000,0.252777,6.935588,3.247474,0.000000,0.365824,0.000000,0.000000,5.180269,0.301559,0.000000,5.848433,0.000000
0.000000,0.274754,0.000000,1.561403,0.540339,1.253490,0.934260,0.846174,1.323310,0.511364,2.778380,1.887418,2.974160,0.000000,8.211977,0.000000,0.000000,0.000000,1.953418,6.030279,0.000000,1.151190,7.740320,0.000000,0.000000,5.732080,0.000000,0.000000,1.202235,0.000000,4.752528,0.000000,0.000000,0.000000,0.000000,0.000000,8.020762,0.000000,0.556197,8.444217,3.699371,0.000000,0.000000,0.000000,0.000000,5.818158,0.048379,0.000000,5.864064,0.000000
0.000000,1.085594,0.000000,2.694794,1.872346,2.950065,0.803745,0.890228,0.000000,0.945465,3.110978,3.113251,2.835329,0.000000,5.743185,0.000000,0.007091,0.056457,0.000000,5.343809,0.000000,2.447843,7.639101,0.000000,0.000000,7.690878,0.000000,0.000000,2.225187,0.000000,7.670994,2.462395,0.000000,0.000000,0.000000,0.000000,4.690947,0.000000,0.223398,9.275947,3.179350,0.000000,0.258803,0.000000,0.000000,6.334029,0.488207,0.000000,4.234308,0.000000
0.000000,0.905590,0.000000,0.527294,0.475832,0.300326,1.084244,0.179383,0.452719,0.403893,3.640030,2.070279,2.701936,0.000000,8.607814,0.000000,0.000000,0.000000,2.165212,7.659753,0.000000,0.864737,8.126417,0.000000,0.000000,7.372503,0.000000,0.000000,0.282666,0.000000,5.484094,0.000000,0.000000,0.000000,0.000000,0.000000,7.658919,0.000000,0.000000,9.727157,4.666300,0.000000,0.000000,0.000000,0.000000,6.693408,0.000000,0.000000,7.008869,0.000000
0.000000,0.564797,0.000000,0.148271,0.000000,1.000971,0.286382,0.000000,0.000000,1.816203,2.337732,1.323389,2.078774,0.000000,6.221107,0.000000,0.000000,0.000000,1.555461,4.962031,0.000000,0.479605,7.839409,0.000000,0.000000,5.969861,0.000000,0.000000,0.360209,0.000000,4.994890,0.000000,0.000000,0.000000,0.000000,0.000000,6.936694,0.000000,0.000000,6.587629,3.378758,0.000000,0.000000,0.000000,0.000000,5.443308,0.000000,0.000000,5.304291,0.000000
0.000000,3.043459,0.000000,0.358424,1.114868,0.848706,0.000000,0.000000,2.303576,1.092396,4.627861,3.180695,3.605081,0.000000,10.694717,0.610033,0.000000,0.965214,1.877238,11.711879,0.000000,0.000000,12.934479,0.000000,0.000000,11.237763,0.000000,0.000000,0.782697,0.000000,7.658066,0.000000,0.000000,0.000000,0.068267,0.000000,13.172514,0.000000,0.116226,12.292025,7.158293,0.099983,0.356174,0.000000,0.000000,9.508076,0.000000,0.000000,9.951300,0.000000
0.000000,2.431538,0.000000,0.000000,0.989618,0.627212,0.000000,0.000000,2.057586,1.091905,4.220571,2.745282,3.488175,0.000000,9.953897,0.414765,0.000000,0.815560,1.888316,10.416025,0.000000,0.000000,11.508636,0.000000,0.000000,9.892740,0.000000,0.000000,0.951882,0.000000,7.134815,0.000000,0.000000,0.000000,0.000000,0.000000,11.928906,0.000000,0.478074,11.398117,6.686774,0.000000,0.121460,0.000000,0.000000,8.837528,0.000000,0.000000,9.111650,0.000000
0.000000,1.616858,0.000000,0.000000,0.000000,0.000000,0.000000,0.000000,2.411653,0.203272,5.867401,1.785759,4.335909,0.000000,12.610417,0.000000,0.000000,0.000000,1.746662,12.014426,0.000000,0.000000,15.557265,0.000000,0.000000,11.843933,0.000000,0.000000,0.077448,0.000000,8.244069,0.000000,0.000000,0.000000,0.000000,0.000000,14.466445,0.000000,0.095241,14.505337,8.105761,0.000000,0.000000,0.000000,0.000000,10.798524,0.000000,0.000000,9.673177,0.000000
0.000000,0.852376,0.000000,2.138347,0.962947,1.838381,0.789176,0.671073,1.326144,0.763408,3.000581,2.275932,2.126027,0.000000,8.164993,0.000000,0.000000,0.447258,1.058681,7.038466,0.000000,2.659790,7.905562,0.000000,0.000000,7.400784,0.000000,0.000000,1.514919,0.000000,5.883264,0.529595,0.000000,0.000000,0.000000,0.000000,7.596001,0.000000,0.000000,8.887614,4.200160,0.185356,0.449891,0.000000,0.000000,6.567594,0.683904,0.000000,5.506090,0.594854
0.000000,1.314383,0.000000,0.000000,0.196877,0.000000,0.000000,0.000000,1.453262,0.002620,3.337805,1.282750,3.405384,0.000000,8.651153,0.140314,0.000000,0.000000,1.451130,8.026931,0.000000,0.000000,9.839018,0.000000,0.000000,6.820617,0.000000,0.000000,0.091269,0.000000,5.140153,0.000000,0.000000,0.000000,0.000000,0.000000,9.984273,0.000000,0.113520,9.804666,5.446400,0.000000,0.000000,0.000000,0.000000,7.345311,0.000000,0.000000,5.959213,0.000000
0.215781,2.869246,0.000000,0.460151,0.060255,1.092913,0.000000,0.259436,1.835352,1.412987,5.254894,2.415721,3.626130,0.000000,9.597375,0.640032,0.955442,1.761301,0.831153,10.722589,0.000000,0.000000,12.540505,0.000000,0.000000,11.272799,0.000000,0.000000,0.944050,0.000000,6.490520,0.000000,0.000000,0.000000,1.086199,0.000000,11.848090,0.000000,0.040277,13.218226,6.818856,0.000000,0.727514,0.000000,0.000000,9.555391,0.000000,0.000000,9.363850,0.000000
0.000000,0.607369,0.000000,0.430322,0.000000,0.477965,0.000000,0.000000,1.569627,0.070400,5.190374,2.675495,3.642296,0.000000,8.911308,0.000000,0.000000,0.000000,0.959839,8.694009,0.000000,0.000000,11.480838,0.000000,0.000000,10.156779,0.000000,0.000000,0.279825,0.000000,6.970369,0.000000,0.000000,0.000000,0.162079,0.000000,9.114281,0.000000,0.000000,11.919685,5.658812,0.000000,0.000000,0.000000,0.000000,8.810289,0.000000,0.000000,7.506307,0.000000
0.000000,1.604108,0.000000,0.550216,0.452972,0.413208,0.000000,0.000000,0.894510,0.000000,2.609387,1.337610,2.051256,0.000000,6.217612,0.591772,0.000000,0.018479,1.603929,6.815415,0.000000,0.183159,7.881763,0.000000,0.000000,6.625776,0.000000,0.000000,0.036571,0.000000,3.881808,0.000000,0.000000,0.000000,0.000000,0.000000,7.209678,0.000000,0.000000,8.720845,4.162143,0.000000,0.045242,0.000000,0.000000,5.475623,0.000000,0.000000,5.463283,0.594302
0.000000,0.675813,0.000000,0.302671,0.771915,0.094752,1.529349,0.258804,0.931370,0.954178,1.891172,1.685347,1.378727,0.000000,5.543082,0.000000,0.000000,1.017606,2.239602,4.192243,0.000000,1.622983,4.547932,0.000000,0.000000,3.156228,0.000000,0.000000,0.743852,0.000000,3.741814,0.109004,0.000000,0.000000,0.000000,0.000000,5.087101,0.000000,0.994562,4.895851,2.069950,0.000000,0.000000,0.000000,0.000000,3.413890,0.223193,0.000000,4.543607,0.030636
0.352058,3.239064,0.000000,0.654094,0.948918,1.669477,0.520991,0.919918,0.708694,1.309657,4.194132,3.749582,3.124698,0.000000,7.040078,0.780621,1.018531,0.897059,0.000000,8.197228,0.000000,0.734671,9.405540,0.000000,0.000000,9.487267,0.000000,0.000000,1.314448,0.000000,6.155642,0.646917,0.000000,0.000000,0.037785,0.000000,6.761213,0.000000,1.275944,11.231523,4.552402,0.000000,0.671699,0.000000,0.000000,7.113424,0.000000,0.000000,7.227929,0.000000
0.022235,1.423537,0.000000,1.185588,1.317496,0.808383,0.387757,0.526218,2.368462,0.206872,3.274401,2.758024,2.838196,0.000000,10.440216,1.436042,0.000000,0.000000,1.530903,10.011909,0.000000,0.170737,11.395875,0.000000,0.000000,9.196441,0.000000,0.000000,0.893040,0.000000,6.682816,0.000000,0.000000,0.000000,0.156209,0.000000,11.057208,0.000000,0.986624,12.594851,6.069122,0.715314,0.762844,0.000000,0.000000,9.179071,0.000000,0.000000,7.448171,0.000000
0.000000,2.383045,0.000000,3.535890,1.448487,2.921645,1.038664,0.972756,1.533473,1.208436,4.555584,4.065522,3.739601,0.000000,9.109158,0.362102,0.768646,0.904323,0.622789,10.123749,0.000000,2.490566,10.783175,0.000000,0.000000,10.955225,0.000000,0.000000,2.333694,0.000000,7.769767,1.221431,0.000000,0.000000,0.000000,0.000000,9.730984,0.000000,1.589992,12.907467,5.081759,0.000000,0.423891,0.000000,0.000000,8.665133,0.000000,0.000000,7.995232,0.000000
0.000000,0.831365,0.000000,0.000000,0.000000,0.828226,0.000000,0.000000,0.471774,0.000000,5.499507,3.266995,4.600782,0.000000,12.043202,0.000000,0.000000,0.000000,1.060489,10.806283,0.000000,0.000000,13.956161,0.000000,0.000000,12.059845,0.000000,0.000000,0.697023,0.000000,8.519937,0.000000,0.000000,0.000000,0.000000,0.000000,11.696959,0.000000,0.000000,16.103472,6.325843,0.000000,0.000000,0.000000,0.000000,11.379037,0.000000,0.000000,9.157459,0.000000
0.000000,2.068325,0.000000,0.000000,0.000000,1.332439,0.000000,0.000000,2.397420,0.218694,9.741031,3.956233,6.919675,0.000000,16.465153,0.000000,0.000000,0.000000,0.597524,15.594139,0.000000,0.000000,21.687544,0.000000,0.000000,19.726171,0.000000,0.000000,0.461093,0.000000,14.481165,0.000000,0.000000,0.000000,0.000000,0.000000,18.683399,0.000000,0.000000,22.090427,10.193136,0.000000,0.000000,0.000000,0.000000,14.778562,0.000000,0.000000,14.749217,0.000000
0.000000,0.665736,0.000000,0.258861,0.000000,2.012916,0.206385,1.029421,0.435737,0.337156,3.530125,1.948094,3.085047,0.000000,7.472078,0.000000,0.000000,0.604730,1.150194,6.014208,0.000000,0.668884,8.383398,0.000000,0.000000,6.456151,0.000000,0.000000,1.411756,0.000000,4.453650,0.000000,0.000000,0.000000,0.000000,0.000000,6.744745,0.000000,0.444619,9.262827,3.410474,0.000000,0.000000,0.000000,0.000000,5.762218,0.000000,0.000000,4.560846,0.000000
0.000000,0.000000,0.000000,0.630927,0.467038,1.454113,1.192961,1.016077,0.686113,0.979138,2.199667,1.867680,3.043916,0.000000,7.641467,0.000000,0.000000,0.164599,1.955266,4.222048,0.000000,1.237798,6.150911,0.000000,0.000000,5.774856,0.000000,0.000000,0.922806,0.000000,4.909414,0.260533,0.000000,0.000000,0.000000,0.000000,6.239759,0.000000,0.098164,8.097938,3.898970,0.000000,0.000000,0.000000,0.000000,5.588191,0.030415,0.000000,4.928135,0.000000
0.000000,2.096480,0.000000,0.000000,0.000000,1.591451,0.000000,0.000000,2.374255,0.000000,8.922804,5.060362,6.521990,0.000000,15.795323,0.000000,0.000000,0.000000,1.264103,15.991438,0.000000,0.000000,21.587372,0.000000,0.000000,19.543720,0.000000,0.000000,0.983890,0.000000,13.433402,0.000000,0.000000,0.000000,0.000000,0.000000,17.185337,0.000000,0.000000,22.234715,8.886244,0.000000,0.000000,0.000000,0.000000,15.613465,0.000000,0.000000,14.259415,0.000000
0.000000,0.558178,0.000000,0.016073,0.752048,0.959868,0.000000,0.281158,0.921665,0.845954,4.593049,3.135624,4.412879,0.000000,9.808982,0.000000,0.000000,0.000000,1.555073,8.687490,0.000000,0.000000,11.051157,0.000000,0.000000,9.966516,0.000000,0.000000,0.909037,0.000000,7.485807,0.000000,0.000000,0.000000,0.000000,0.000000,10.389529,0.000000,0.000000,12.805545,5.458423,0.000000,0.000000,0.000000,0.000000,9.255778,0.000000,0.000000,8.507245,0.000000
0.000000,1.425001,0.000000,2.013706,0.445483,1.585781,0.167536,0.282787,1.127184,0.000000,4.259167,1.859822,3.399902,0.000000,8.468137,0.000000,0.000000,0.901069,1.007164,8.427303,0.000000,0.444539,10.214684,0.000000,0.000000,8.552352,0.000000,0.000000,0.890815,0.000000,5.443233,0.000000,0.000000,0.000000,0.000000,0.000000,9.324342,0.000000,0.000000,11.174876,4.694895,0.000000,0.000000,0.000000,0.086515,7.273494,0.000000,0.000000,5.992573,0.000000
0.000000,1.023177,0.000000,0.716516,0.948143,1.461639,1.260908,0.000000,0.292494,0.975580,3.273878,1.775527,2.195918,0.000000,6.141467,0.000000,0.000000,0.474250,1.675477,6.037948,0.000000,1.202774,7.939082,0.000000,0.000000,7.108163,0.000000,0.000000,0.644148,0.000000,5.826491,0.160568,0.000000,0.000000,0.000000,0.000000,6.159797,0.000000,0.000000,8.650893,3.112787,0.000000,0.000000,0.000000,0.000000,5.438622,0.000000,0.000000,5.215514,0.000000
0.000000,2.680506,0.000000,1.563346,1.146354,1.689067,2.130495,1.521355,0.000000,1.654296,4.771736,3.492297,2.832915,0.000000,6.613398,0.000000,0.818845,3.093314,0.902592,5.668492,0.000000,2.704821,7.050145,0.000000,0.237184,8.535681,0.000000,0.000000,1.607304,0.000000,7.816888,0.632145,0.000000,0.000000,0.000000,0.000000,3.960040,0.000000,0.301318,8.695753,3.039600,0.000000,0.000000,0.000000,0.000000,5.605034,0.233086,0.000000,7.169753,0.000000
0.000000,2.078727,0.000000,0.457155,0.199696,2.329611,0.000000,0.166538,1.498218,0.745660,5.367647,3.631549,3.570032,0.000000,9.103443,0.000000,0.000000,0.415300,0.842472,9.604368,0.000000,0.820501,11.750133,0.000000,0.000000,11.333517,0.000000,0.000000,1.472912,0.000000,7.497184,0.000000,0.000000,0.000000,0.000000,0.000000,8.879130,0.000000,0.698930,12.765353,4.901513,0.000000,0.000000,0.000000,0.000000,8.498286,0.000000,0.000000,7.955698,0.000000
0.000000,1.916996,0.000000,1.159543,1.270822,0.459778,1.889160,1.410289,1.362101,0.904158,3.126092,1.774600,1.991576,0.000000,7.115989,0.000000,0.000000,1.923987,1.289491,6.126755,0.000000,1.825755,6.779178,0.000000,0.000000,4.565911,0.000000,0.000000,2.392111,0.000000,4.289215,0.971254,0.000000,0.000000,0.000000,0.000000,6.749551,0.000000,1.956366,6.901642,3.680233,0.000000,0.000000,0.000000,0.000000,4.568046,0.253222,0.000000,4.393452,0.000000
0.000000,0.000000,0.000000,0.615167,0.414381,0.473735,0.286533,0.000000,0.888026,0.000000,4.244512,1.508773,3.704015,0.000000,10.420231,0.000000,0.000000,0.000000,2.588234,8.871929,0.000000,0.000000,11.372414,0.000000,0.000000,8.605789,0.000000,0.000000,0.367344,0.000000,7.423370,0.000000,0.000000,0.000000,0.000000,0.000000,10.493407,0.000000,0.000000,12.118192,5.009247,0.000000,0.000000,0.000000,0.000000,8.573819,0.000000,0.000000,7.924444,0.000000
0.000000,0.642879,0.000000,0.464612,0.083424,0.000000,0.000000,0.000000,2.180329,0.689764,4.838903,1.944149,3.922720,0.000000,10.345719,0.000000,0.000000,0.000000,2.177120,8.915757,0.000000,0.000000,11.622519,0.000000,0.000000,9.309322,0.000000,0.000000,0.265273,0.000000,7.033965,0.000000,0.000000,0.000000,0.000000,0.000000,11.270765,0.000000,0.000000,11.881428,6.429509,0.000000,0.000000,0.000000,0.000000,9.018509,0.000000,0.000000,8.389634,0.000000
0.000000,0.518767,0.000000,0.000000,1.037662,0.051736,0.000000,0.000000,0.948455,0.483725,3.402297,1.457252,4.032228,0.000000,10.227230,0.000000,0.000000,0.000000,1.923659,7.997452,0.000000,0.000000,10.088180,0.000000,0.000000,7.705835,0.000000,0.000000,0.210625,0.000000,6.282328,0.000000,0.000000,0.000000,0.000000,0.000000,10.312452,0.000000,0.333068,10.977839,5.804566,0.000000,0.000000,0.000000,0.000000,8.044142,0.177695,0.000000,6.480099,0.000000
0.000000,2.899392,0.000000,2.758387,2.006782,3.557444,1.421023,1.897273,1.068691,1.603286,5.108188,3.745644,3.534919,0.000000,8.676891,0.000000,0.348856,0.903732,0.243787,8.092308,0.000000,2.633159,10.211150,0.000000,0.000000,9.377295,0.000000,0.000000,2.693248,0.000000,7.763795,1.421715,0.000000,0.000000,0.000000,0.000000,7.454052,0.000000,1.993248,12.128753,4.379355,0.000000,0.221920,0.000000,0.000000,7.397812,0.348545,0.000000,7.749272,0.154998
0.000000,0.908279,0.000000,0.000000,0.916052,0.000000,1.097685,0.000000,0.905683,1.139625,1.547520,1.746878,1.793462,0.000000,7.093356,0.216329,0.000000,0.000000,2.244996,6.221091,0.000000,0.000000,6.600283,0.000000,0.000000,5.686160,0.000000,0.000000,0.235092,0.000000,4.035687,0.000000,0.000000,0.000000,0.000000,0.000000,8.276970,0.000000,0.115799,6.665648,4.559674,0.000000,0.687992,0.000000,0.000000,6.440309,1.109261,0.422762,5.733027,0.519690
0.000000,0.000000,0.000000,0.000000,0.132993,0.534123,0.000000,0.000000,1.673418,0.324420,5.782712,3.071671,5.208639,0.000000,11.299720,0.000000,0.000000,0.000000,1.155332,10.024362,0.000000,0.000000,13.947253,0.000000,0.000000,11.694110,0.000000,0.000000,0.084114,0.000000,8.376209,0.000000,0.000000,0.000000,0.000000,0.000000,12.804957,0.000000,0.000000,14.979266,6.978396,0.000000,0.000000,0.000000,0.000000,10.853550,0.000000,0.000000,9.428722,0.000000
