6.819034,0.000000,0.000000,0.000000,0.000000,0.000000,0.000000,3.604759,0.000000,6.203300,0.000000,4.726666,0.000000,0.000000,0.000000,0.000000,0.000000,0.000000,0.000000,0.000000,0.000000,0.000000,7.292242,0.000000,0.000000,0.000000,7.198400,5.174831,0.000000,4.308236,0.000000,5.036841,0.000000,5.997612,1.797301,0.000000,0.943781,0.000000,0.000000,0.000000,0.489140,0.000000,0.000000,0.390459,0.000000,8.287230,0.000000,0.000000,2.977728,0.000000
6.159735,0.000000,0.000000,0.000000,0.000000,0.000000,0.534609,5.466898,0.229470,3.419112,0.000000,5.834340,0.473165,0.000000,0.000000,0.000000,0.000000,0.393477,0.000000,0.000000,0.000000,0.193960,6.253939,0.000000,0.355053,0.000000,5.326390,3.689749,0.000000,4.969313,0.000000,1.201321,0.981771,2.183845,0.388819,0.000000,3.681639,0.000000,0.000000,0.000000,0.379717,0.000000,0.000000,0.644759,0.000000,5.655561,0.767873,0.000000,3.109650,0.000000
6.991593,0.000000,0.000000,0.000000,0.000000,0.000000,0.000000,4.837000,0.000000,4.103602,0.000000,5.362100,1.045208,0.000000,0.000000,0.028680,0.000000,0.000000,0.000000,0.268696,0.000000,0.000000,6.224428,0.083268,0.525581,0.000000,5.763012,3.768664,0.000000,5.068688,0.000000,2.234900,0.000000,2.097405,0.000000,0.000000,2.736257,0.000000,0.487158,0.000000,0.000000,0.000000,0.000000,0.000000,0.547938,5.887298,0.000000,0.000000,2.908220,0.000000
11.930891,0.000000,0.000000,0.000000,0.000000,0.000000,0.000000,10.421832,0.000000,8.710264,0.000000,10.821159,0.424270,0.000000,0.000000,0.000000,0.000000,0.000000,0.000000,0.730736,0.000000,0.000000,15.081208,0.000000,0.000000,0.000000,14.195484,10.879928,0.000000,12.013477,0.000000,5.270022,0.000000,5.531863,0.225999,0.000000,5.723093,0.000000,0.000000,0.000000,0.000000,0.000000,0.000000,0.000000,0.000000,12.841974,1.167053,0.000000,6.634785,0.000000
7.177769,0.241520,0.000000,0.000000,0.000000,0.067661,0.000000,6.810106,0.000000,4.781506,0.000000,7.950536,0.080344,0.000000,0.000000,0.000000,0.000000,0.120745,0.000000,0.000000,0.000000,0.000000,7.305781,0.092340,0.000000,0.000000,7.591568,4.572374,0.000000,5.906550,0.000000,1.843188,0.000000,2.590456,0.025480,0.000000,3.713076,0.000000,0.130023,0.790148,0.000000,0.000000,0.000000,0.338563,0.000000,7.402540,1.354108,0.000000,4.059849,0.000000
3.897722,0.000000,0.000000,0.000000,0.000000,0.000000,0.000000,2.544954,0.000000,4.170526,0.000000,3.631321,0.031622,0.000000,0.000000,0.406139,0.000000,0.000000,0.000000,0.000000,0.000000,0.000000,6.148026,0.000000,0.000000,0.000000,5.463196,3.883639,0.000000,3.888469,0.000000,1.792648,0.000000,3.437326,1.480616,0.000000,2.033261,0.000000,0.000000,0.000000,0.835536,0.000000,0.000000,0.000000,0.000000,5.596997,0.817925,0.000000,2.356700,0.000000
5.117538,0.280281,0.000000,0.000000,0.000000,0.366633,0.000000,3.765072,0.115117,2.673676,0.000000,4.804650,0.084289,0.000000,0.000000,0.249814,0.000000,0.000000,0.000000,0.138541,0.000000,0.231287,4.359463,0.174402,0.246921,0.000000,3.750879,2.877479,0.000000,3.493721,0.000000,1.578177,0.112531,1.642639,0.000000,0.000000,1.358365,0.000000,0.278416,0.000000,0.000000,0.000000,0.000000,0.049492,0.795031,3.516243,0.288222,0.000000,1.958386,0.000000
10.200137,0.000000,0.000000,0.000000,0.000000,0.000000,0.000000,7.949612,0.000000,8.092202,0.000000,8.811996,1.333888,0.000000,0.000000,0.498420,0.000000,0.000000,0.000000,0.000000,0.000000,0.000000,12.889153,0.000000,0.000000,0.000000,10.880900,8.842461,0.000000,9.328068,0.000000,4.693130,0.000000,4.360987,0.694209,0.000000,3.800951,0.000000,0.000000,0.000000,0.000000,0.000000,0.000000,0.000000,0.000000,10.901870,0.050298,0.000000,5.275128,0.000000
6.910791,0.000000,0.000000,0.000000,0.000000,0.000000,0.000000,4.901010,0.000000,5.256236,0.000000,4.806614,0.498869,0.000000,0.000000,0.000000,0.000000,0.000000,0.000000,0.083354,0.000000,0.000000,7.712522,0.000000,0.000000,0.000000,7.491330,5.079730,0.000000,5.542146,0.000000,3.419967,0.000000,2.524702,0.000000,0.000000,1.895212,0.000000,0.000000,0.000000,0.000000,0.000000,0.000000,0.000000,0.000000,6.704303,0.000000,0.000000,2.268325,0.000000
8.197838,0.000000,0.000000,0.000000,0.000000,0.036373,0.000000,6.777509,0.000000,4.347002,0.000000,7.034467,0.892881,0.000000,0.000000,0.000000,0.000000,0.000000,0.000000,0.000000,0.000000,0.000000,6.918088,0.141150,0.457006,0.000000,6.414071,4.856957,0.000000,6.299997,0.000000,2.186115,0.000000,2.030743,0.000000,0.000000,3.759674,0.000000,0.291300,0.000000,0.000000,0.000000,0.000000,0.000000,0.571502,6.865232,0.424830,0.000000,3.738362,0.000000
8.251588,0.000000,0.000000,0.000000,0.000000,0.000000,0.000000,6.661860,0.000000,6.350316,0.000000,6.812909,0.880109,0.000000,0.000000,0.000000,0.000000,0.000000,0.000000,0.000000,0.000000,0.000000,10.477997,0.000000,0.319593,0.000000,9.294547,6.795062,0.000000,7.754256,0.000000,3.797084,0.000000,3.270888,0.000000,0.000000,3.470378,0.000000,0.000000,0.000000,0.000000,0.000000,0.000000,0.000000,0.000000,7.802113,0.000000,0.000000,3.829822,0.000000
7.362005,0.920654,0.000000,0.000000,0.000000,0.000000,0.000000,5.667995,0.727959,4.520937,0.000000,7.264160,0.400916,0.000000,0.000000,0.386132,0.131704,0.409779,0.000000,0.000000,0.000000,0.559733,6.565537,0.000000,0.000000,0.000000,7.115588,4.523666,0.000000,4.951630,0.000000,1.848140,0.074254,2.019888,0.000000,0.000000,3.682934,0.000000,0.000000,0.506128,0.000000,0.000000,0.000000,0.000000,0.284038,6.896236,1.087179,0.000000,3.058219,0.000000
5.158638,0.501204,0.339787,0.000000,0.000000,0.788785,0.000000,5.318971,0.000000,3.721610,0.000000,5.749643,0.000000,0.000000,0.000000,0.269482,0.000000,0.157971,0.000000,0.000000,0.000000,0.105234,6.114338,0.329064,0.000000,0.000000,6.636674,4.212305,0.000000,4.438807,0.000000,2.161553,0.000000,2.857775,0.000000,0.000000,3.353656,0.000000,0.032968,0.194203,0.601782,0.664565,0.000000,0.128453,0.000000,6.409122,0.868323,0.000000,3.299167,0.000000
10.385756,0.000000,0.000000,0.000000,0.000000,0.000000,0.000000,7.324292,0.000000,7.853329,0.000000,7.346818,0.000000,0.000000,0.000000,0.000000,0.000000,0.000000,0.000000,0.543452,0.000000,0.000000,12.613599,0.000000,0.000000,0.000000,11.301769,9.501166,0.000000,9.184522,0.000000,6.373963,0.000000,4.633620,1.142840,0.000000,3.553062,0.000000,0.000000,0.000000,0.085743,0.000000,0.000000,0.000000,0.017447,10.368474,0.000000,0.000000,4.332452,0.000000
6.799929,0.000000,0.000000,0.000000,0.000000,0.000000,0.000000,4.960732,0.233828,3.091973,0.000000,5.477002,0.831657,0.000000,0.000000,0.053694,0.000000,0.194487,0.000000,0.000000,0.000000,0.000000,5.938185,0.451263,0.000000,0.000000,5.171760,3.191944,0.000000,4.604590,0.000000,1.568880,0.000000,1.572364,0.000000,0.000000,2.996873,0.000000,0.118428,0.000000,0.000000,0.000000,0.000000,0.000000,0.127564,4.752906,0.033808,0.000000,2.838994,0.000000
5.916813,0.614884,0.133079,0.000000,0.000000,0.026710,0.000000,5.530291,0.000000,4.408163,0.000000,6.718346,0.000000,0.000000,0.000000,0.021630,0.580675,0.000000,0.000000,0.153476,0.000000,0.386701,5.792520,0.756906,0.202572,0.000000,6.850460,4.399198,0.000000,5.563725,0.000000,2.394987,0.321187,2.857377,0.000000,0.000000,3.808498,0.000000,0.266956,0.590848,0.415404,0.631455,0.805194,0.850442,0.000000,6.110676,1.039470,0.000000,3.246048,0.000000
6.808323,0.193175,0.000000,0.000000,0.000000,0.373669,0.000000,6.148608,0.000000,4.577909,0.000000,7.275095,0.000000,0.000000,0.000000,0.118798,0.000000,0.000000,0.000000,0.079218,0.000000,0.000000,7.420686,0.530602,0.000000,0.000000,7.631759,4.785781,0.000000,5.814375,0.000000,1.982945,0.000000,3.145791,0.276618,0.000000,4.051230,0.000000,0.000000,0.000000,0.510589,0.704087,0.000000,0.000000,0.075930,7.637010,2.116351,0.000000,4.024538,0.000000
7.985532,0.000000,0.000000,0.000000,0.000000,0.000000,0.000000,7.073897,0.000000,5.165214,0.000000,7.987840,0.422989,0.000000,0.000000,0.000000,0.000000,0.000000,0.000000,0.000000,0.000000,0.000000,7.690223,0.159219,0.000000,0.000000,8.046151,4.569522,0.000000,5.924870,0.000000,2.835635,0.000000,2.976402,0.000000,0.000000,3.843238,0.000000,0.000000,0.000000,0.000000,0.000000,0.000000,0.000000,0.478696,8.110414,0.726528,0.000000,3.580872,0.000000
7.601907,0.000000,0.000000,0.000000,0.000000,0.000000,0.000000,6.748239,0.000000,6.089367,0.000000,8.043366,0.794478,0.000000,0.000000,0.000000,0.000000,0.000000,0.000000,0.000000,0.000000,0.000000,7.322644,0.135010,0.000000,0.000000,8.117486,5.211529,0.000000,5.907489,0.000000,2.358466,0.000000,2.882047,0.000000,0.000000,3.262270,0.000000,0.000000,0.000000,0.000000,0.000000,0.000000,0.000000,0.000000,8.088755,1.277143,0.000000,4.203541,0.000000
7.518719,0.000000,0.000000,0.000000,0.000000,0.000000,0.000000,5.294690,0.000000,4.602909,0.000000,6.332285,0.762859,0.000000,0.000000,0.000000,0.000000,0.000000,0.000000,0.305528,0.000000,0.000000,6.664466,0.000000,0.331799,0.000000,6.479784,4.166358,0.000000,4.840974,0.000000,1.594455,0.000000,2.024597,0.000000,0.000000,1.886524,0.000000,0.000000,0.000000,0.000000,0.000000,0.000000,0.000000,0.001048,5.846351,0.000000,0.000000,3.203811,0.000000
9.177718,0.000000,0.000000,0.000000,0.000000,0.000000,0.000000,7.852018,0.000000,6.417752,0.000000,7.861288,1.332367,0.000000,0.000000,0.000000,0.000000,0.000000,0.000000,0.000000,0.000000,0.000000,8.421740,0.461611,1.898682,0.000000,8.711751,5.248415,0.000000,7.118861,0.000000,2.778007,0.000000,3.298916,0.446821,0.000000,2.952396,0.000000,0.441195,0.000000,0.000000,0.000000,0.000000,0.540824,0.000000,8.310395,0.000000,0.000000,5.463663,0.000000
5.620831,0.072298,0.000000,0.000000,0.000000,0.167739,0.000000,5.033103,0.449096,3.193234,0.000000,5.009805,0.000000,0.000000,0.000000,0.203955,0.000000,0.303980,0.000000,0.000000,0.000000,0.645958,7.619238,0.992355,0.000000,0.000000,6.920881,4.168102,0.000000,4.698055,0.000000,2.306852,0.579635,3.711989,0.843880,0.000000,4.362385,0.000000,0.000000,1.808594,1.278401,0.344702,0.000000,0.000000,0.000000,6.840544,2.569901,0.000000,2.299199,0.000000
7.086391,0.523195,0.490682,0.000000,0.000000,1.427065,0.672736,6.900476,0.000000,4.514371,0.000000,8.196095,0.000000,0.000000,0.000000,0.000000,0.400156,0.179626,0.000000,0.000000,0.000000,0.202971,7.997415,0.671782,0.000000,0.000000,8.495067,5.185786,0.000000,6.171185,0.000000,3.053913,0.535903,3.722953,0.000000,0.000000,4.456507,0.000000,0.000000,0.867437,0.700425,1.064120,0.192383,0.672087,0.000000,8.333044,1.772734,0.000000,3.633002,0.000000
6.003666,0.571533,0.006470,0.000000,0.000000,0.747318,0.451636,4.560390,0.647481,3.265804,0.000000,4.732218,0.990725,0.000000,0.000000,0.000000,0.000000,0.417249,0.000000,0.325122,0.000000,0.000000,5.055079,0.188767,0.567383,0.000000,4.767230,3.041563,0.000000,4.176602,0.000000,1.075238,0.000000,1.362362,0.366613,0.000000,2.113364,0.000000,1.218923,0.642629,0.000000,0.000000,0.000000,0.000000,0.069322,4.573123,0.222025,0.000000,2.949771,0.000000
6.367656,0.211805,0.093690,0.000000,0.000000,0.969362,1.214763,5.530055,0.121038,3.425802,0.000000,6.145019,0.000000,0.000000,0.000000,0.000000,0.000000,0.692399,0.000000,0.000000,0.000000,1.311978,6.133799,0.527124,1.076186,0.000000,5.951439,3.402790,0.000000,5.834117,0.000000,2.743827,1.643425,3.838823,0.000000,0.000000,3.616079,0.000000,0.875116,1.216630,0.414454,0.612341,1.356018,1.609799,0.000000,6.658452,0.808782,0.000000,2.866584,0.000000
6.977160,0.000000,0.000000,0.000000,0.000000,0.000000,0.000000,3.998461,0.000000,5.861662,0.000000,5.541203,0.000000,0.000000,0.000000,0.000000,0.000000,0.000000,0.000000,0.000000,0.000000,0.000000,6.382525,0.000000,0.000000,0.000000,6.603683,5.354208,0.000000,4.476163,0.000000,3.970282,0.000000,5.453798,2.644152,0.000000,0.881992,0.000000,0.000000,0.000000,0.466856,0.000000,0.000000,0.563516,0.188676,7.750506,0.000000,0.000000,3.467236,0.000000
5.834233,0.000000,0.000000,0.000000,0.000000,0.000000,0.000000,5.007589,0.000000,4.330686,0.000000,4.565205,0.000000,0.000000,0.000000,0.000000,0.000000,0.000000,0.000000,1.281666,0.000000,0.657444,7.355025,0.000000,0.047111,0.000000,7.822378,6.355870,0.000000,5.937972,0.000000,3.444008,0.000000,4.047864,0.000000,0.000000,2.324126,0.000000,0.174004,0.000000,0.000000,0.883419,0.000000,0.258620,0.000000,6.193911,0.293473,0.000000,3.903487,0.000000
6.920048,0.461250,0.000000,0.000000,0.000000,1.245090,0.000000,4.534918,0.418474,3.947111,0.000000,7.623821,0.000000,0.000000,0.000000,0.758864,0.091014,0.275099,0.000000,0.000000,0.000000,0.029818,6.451904,0.444097,0.000000,0.000000,6.480050,4.649783,0.000000,5.081045,0.000000,2.500280,0.237575,2.720893,0.000000,0.000000,3.190947,0.000000,0.000000,0.701381,0.448587,0.638912,0.161376,0.083598,0.000000,5.469136,1.545320,0.000000,2.650316,0.000000
7.244156,0.000000,0.000000,0.000000,0.000000,0.000000,0.000000,5.531074,0.000000,4.424354,0.000000,6.851191,0.151597,0.000000,0.000000,0.000000,0.000000,0.000000,0.000000,0.210727,0.000000,0.000000,6.675353,0.310860,0.000000,0.000000,7.002609,4.117936,0.000000,5.227488,0.000000,2.690821,0.000000,2.927779,0.475347,0.000000,3.045341,0.000000,0.000000,0.000000,0.153766,0.411622,0.000000,0.000000,0.000000,6.394244,0.802840,0.000000,2.993489,0.000000
7.084111,0.680333,0.624500,0.000000,0.000000,1.187227,0.217878,5.411793,0.718839,3.950086,0.000000,7.229387,0.000000,0.000000,0.000000,0.629023,0.000000,0.372198,0.000000,0.000000,0.000000,0.083045,7.258094,0.835747,0.347966,0.000000,6.748853,4.068226,0.000000,4.362462,0.000000,2.483199,0.685005,3.326444,0.000000,0.000000,3.481909,0.000000,0.000000,0.334714,0.941135,0.958775,0.000000,0.193821,0.014527,7.179718,1.367440,0.000000,2.605665,0.000000
5.848118,0.000000,0.000000,0.000000,0.000000,0.184966,0.000000,4.373442,0.000000,4.773983,0.000000,6.501736,0.000000,0.000000,0.000000,0.915787,0.048189,0.000000,0.000000,0.000000,0.000000,0.185636,8.016275,0.079876,0.000000,0.000000,7.960727,5.686132,0.000000,5.511467,0.000000,3.125970,0.271633,4.588344,1.285506,0.000000,4.098713,0.000000,0.000000,0.696469,1.025815,0.763914,0.000000,0.000000,0.000000,7.344333,1.954105,0.000000,2.776346,0.000000
8.149738,0.000000,0.000000,0.000000,0.000000,0.000000,0.000000,5.339133,0.000000,5.362151,0.000000,6.931764,0.000000,0.000000,0.000000,0.000000,0.214053,0.467265,0.000000,1.526457,0.000000,0.803493,8.989950,0.000000,0.668421,0.000000,8.864711,7.600312,0.000000,7.558483,0.000000,4.965543,0.000000,4.321689,0.000000,0.000000,3.102546,0.000000,0.000000,0.000000,0.478162,1.124640,1.142643,0.461029,0.000000,6.855423,0.289999,0.000000,2.867362,0.000000
7.273100,0.267568,0.000000,0.000000,0.000000,0.000000,0.000000,5.874392,0.000000,4.258045,0.000000,6.717306,0.745567,0.000000,0.000000,0.000000,0.000000,0.000000,0.000000,0.000000,0.000000,0.000000,6.269256,0.048197,0.373052,0.000000,6.385695,4.070917,0.000000,5.193055,0.000000,2.109382,0.000000,1.900021,0.000000,0.000000,2.700565,0.000000,0.000000,0.000000,0.000000,0.000000,0.000000,0.011691,0.167200,5.827192,0.156730,0.000000,3.096479,0.000000
3.991752,0.000000,0.472249,0.000000,0.000000,0.000000,0.000000,3.789641,0.000000,4.568664,0.000000,4.790459,0.000000,0.211422,0.000000,0.000000,0.000000,0.000000,0.000000,0.440770,0.000000,0.985644,6.459108,0.000000,0.000000,0.000000,6.465279,6.023307,0.000000,5.358767,0.000000,4.304533,0.000000,4.598310,1.559308,0.000000,1.845765,0.000000,0.000000,0.000000,1.042389,1.228345,0.195523,1.171276,0.000000,5.693149,0.832521,0.000000,3.295640,0.000000
6.471447,0.000000,0.000000,0.000000,0.000000,0.926221,0.000000,5.765016,0.000000,4.500401,0.000000,7.621822,0.000000,0.000000,0.000000,0.445069,0.000000,0.858847,0.000000,0.000000,0.000000,0.805126,8.641888,0.406965,0.000000,0.000000,8.700946,5.283306,0.000000,6.401155,0.000000,1.953718,1.142066,4.086140,1.141248,0.000000,4.737728,0.000000,0.000000,1.412789,0.486684,0.774792,0.000000,0.015774,0.000000,8.062240,3.239717,0.000000,3.812910,0.000000
8.366189,0.000000,0.000000,0.000000,0.000000,0.000000,0.000000,8.439984,0.000000,5.809479,0.000000,8.924853,0.285337,0.000000,0.000000,0.000000,0.000000,0.000000,0.000000,0.000000,0.000000,0.000000,8.932809,0.122713,0.000000,0.000000,9.187187,5.577114,0.000000,6.805232,0.000000,2.598277,0.000000,3.538270,0.354380,0.000000,5.006251,0.000000,0.000000,0.000000,0.154669,0.000000,0.000000,0.000000,0.126119,9.892148,1.547675,0.000000,4.620006,0.000000
7.504368,0.506184,0.084411,0.000000,0.000000,0.869796,0.951024,5.134032,0.464824,4.568469,0.000000,7.063743,0.527023,0.000000,0.000000,0.068913,0.495550,0.973835,0.000000,0.018620,0.000000,0.992190,6.965682,0.446771,0.558559,0.000000,7.212117,2.944330,0.000000,4.847253,0.000000,1.950373,0.591465,2.809590,0.522465,0.000000,3.111313,0.000000,0.360542,0.688227,0.000000,0.030003,0.000000,0.000000,0.383980,6.400060,0.955222,0.000000,3.991453,0.000000
6.179876,1.500447,0.000000,0.000000,0.000000,0.808643,1.514241,4.927976,0.000000,3.431629,0.000000,5.675061,0.000000,0.000000,0.000000,0.000000,0.000000,0.222340,0.000000,0.000000,0.000000,0.180476,5.689398,0.775172,0.281395,0.000000,6.318164,2.837955,0.000000,4.647548,0.000000,2.620011,0.363769,3.362994,0.000000,0.000000,3.345598,0.000000,0.000000,0.949179,0.095658,0.418818,0.000000,0.808115,0.000000,6.991449,1.277649,0.000000,2.174316,0.000000
5.834999,0.850340,0.000000,0.000000,0.000000,0.645356,0.000000,3.795489,0.732404,4.388920,0.000000,7.046856,0.000000,0.000000,0.000000,0.448962,0.190720,0.366327,0.000000,0.000000,0.000000,0.177282,7.302490,0.388294,0.000000,0.000000,7.315089,3.754959,0.000000,4.307316,0.000000,1.523025,0.855442,3.226223,0.437343,0.000000,2.586844,0.000000,0.000000,0.440795,0.661701,0.714878,0.120557,0.000000,0.000000,5.962133,2.043685,0.000000,3.061951,0.000000
7.882327,0.000000,0.000000,0.000000,0.000000,0.000000,0.000000,6.724697,0.000000,4.795483,0.000000,8.185364,0.657459,0.000000,0.000000,0.000000,0.000000,0.000000,0.000000,0.000000,0.000000,0.000000,7.230992,0.260821,0.000000,0.000000,7.498782,4.359986,0.000000,6.511027,0.000000,3.329468,0.000000,3.410981,0.000000,0.000000,4.118955,0.000000,0.000000,0.000000,0.000000,0.383740,0.000000,0.058682,0.000000,8.051097,1.230659,0.000000,3.745139,0.000000
9.028768,0.000000,0.000000,0.000000,0.000000,0.000000,0.000000,8.631383,0.000000,6.542777,0.000000,9.866437,0.499647,0.000000,0.000000,0.000000,0.000000,0.000000,0.000000,0.000000,0.000000,0.000000,10.112388,0.000000,0.000000,0.000000,10.250462,6.802275,0.000000,7.859212,0.000000,1.973989,0.000000,3.474603,0.000000,0.000000,4.539773,0.000000,0.000000,0.000000,0.000000,0.000000,0.000000,0.000000,0.000000,9.891237,1.236815,0.000000,5.502407,0.000000
5.628943,0.536087,0.129714,0.000000,0.000000,0.211441,0.000000,4.893554,0.000000,3.214450,0.000000,5.728734,0.000000,0.000000,0.000000,0.000000,0.000000,0.000000,0.000000,0.190038,0.000000,0.000000,4.854369,0.000000,0.897847,0.000000,6.643571,4.130137,0.000000,5.465126,0.000000,2.665009,0.000000,2.231035,0.000000,0.000000,3.166818,0.000000,0.746117,0.000000,0.292086,1.070292,0.000000,0.642871,0.000000,5.458528,0.000000,0.000000,3.496772,0.000000
4.628275,2.927673,5.713731,0.000000,0.000000,5.249125,6.877019,3.361137,3.689713,2.691942,0.000000,3.790291,0.000000,2.802628,0.000000,2.922283,5.248457,1.647800,0.000000,3.894880,0.000000,6.101628,3.261045,4.420093,1.409375,0.000000,4.758820,3.043173,0.000000,3.473341,0.000000,0.996888,5.284345,3.432758,0.209760,0.000000,3.455245,0.000000,2.573493,3.808124,3.096461,4.406781,5.925953,2.111123,0.000000,3.856336,3.737452,0.000000,2.628186,0.000000
4.386377,4.892943,4.963342,0.000000,0.000000,6.254259,6.245834,2.249208,1.998520,1.394666,0.000000,3.928564,0.000000,3.419910,0.000000,1.050387,2.866640,1.438821,0.000000,3.245736,0.000000,4.955286,3.252474,4.354652,2.526985,0.000000,4.117122,1.944479,0.000000,2.655811,0.000000,2.946494,4.074620,3.387506,0.000000,0.000000,1.770287,0.000000,2.764857,3.176493,2.591833,4.914715,5.505801,3.428551,0.000000,3.632049,3.218664,0.000000,2.131333,0.000000
2.575106,5.414574,6.450395,0.000000,0.000000,8.126969,7.950118,1.057465,1.576186,0.612674,0.000000,3.675947,0.000000,4.466292,0.000000,2.097794,3.372500,2.156582,0.000000,4.036125,0.000000,5.813441,1.446012,4.356545,2.720733,0.000000,3.071887,2.597120,0.000000,0.705216,0.000000,2.341095,4.830235,3.280209,0.000000,0.000000,0.568747,0.000000,2.918912,2.862724,3.686330,6.091684,7.568569,4.654733,0.000000,2.142479,2.719016,0.000000,2.322679,0.000000
2.678206,5.304126,6.966004,0.000000,0.000000,7.706433,9.162279,1.673762,1.607239,0.171367,0.000000,3.779127,0.000000,5.097000,0.000000,2.352124,4.847596,1.778181,0.000000,3.513459,0.000000,5.527225,1.250180,5.463037,1.831606,0.000000,3.443429,2.630800,0.000000,1.495675,0.000000,2.282173,4.977746,2.503110,0.000000,0.000000,2.811355,0.000000,2.775840,3.715871,3.709937,5.743096,7.198333,4.533472,0.000000,2.911909,3.099560,0.000000,1.998356,0.000000
2.540576,1.741260,4.498304,0.039173,0.000000,3.349933,4.414045,1.431209,3.349221,1.747450,0.000000,3.247136,0.000000,3.043316,0.000000,2.655252,5.331748,2.165574,0.000000,2.897083,0.000000,5.277131,2.148741,2.790417,0.000000,0.000000,3.948969,1.573245,0.000000,1.500081,0.000000,0.340519,4.905558,2.283393,0.000000,0.000000,2.313137,0.000000,2.147889,3.171789,2.695324,3.571004,4.822027,0.986010,0.000000,1.748687,3.313721,0.000000,1.931563,0.000000
2.147702,2.966639,5.044464,0.000000,0.000000,5.597167,5.066369,1.508969,0.893338,0.648031,0.000000,3.630601,0.000000,1.821484,0.000000,0.475771,1.729456,1.505650,0.000000,2.384665,0.000000,4.564231,1.245293,1.609919,1.662937,0.000000,2.888891,2.067549,0.000000,2.153728,0.000000,1.957388,3.474865,2.725089,0.000000,0.000000,1.332609,0.000000,2.651489,1.902899,0.839258,4.439360,5.413626,4.219267,0.008853,1.419578,1.629255,0.000000,2.809020,0.000000
2.853273,3.642554,5.122839,0.000000,0.000000,4.495567,5.939700,1.836355,4.056185,1.230047,0.000000,2.630190,0.000000,3.403243,0.000000,3.047367,5.795807,2.404276,0.000000,3.093303,0.000000,6.449639,1.948214,3.679826,0.000000,0.000000,3.486145,1.848775,0.000000,1.963072,0.000000,0.274203,5.405416,2.392465,0.121152,0.000000,3.225735,0.000000,3.086125,4.221622,2.517431,3.536516,5.898932,1.193940,0.000000,2.190328,3.650788,0.000000,2.193754,0.000000
4.653011,4.731484,6.166576,0.000000,0.000000,6.541925,7.270927,1.929786,3.323478,1.659576,0.000000,3.705491,0.000000,2.676812,0.000000,1.869785,3.750995,1.317940,0.000000,3.430252,0.000000,6.331698,2.561944,4.840775,2.034690,0.000000,3.746138,1.497692,0.000000,2.597061,0.000000,1.346483,6.003864,4.086294,0.000000,0.000000,2.416348,0.000000,2.393218,2.801020,2.459591,5.037961,7.284473,3.279850,0.000000,3.586619,3.866822,0.000000,2.750859,0.000000
3.685697,4.088488,3.964965,0.000000,0.000000,6.125142,6.697957,1.594097,1.257005,1.047130,0.000000,3.323749,0.000000,2.686562,0.000000,1.883352,1.666324,1.320719,0.000000,3.282195,0.000000,3.716136,1.820635,4.321426,1.934096,0.000000,3.046735,2.417410,0.000000,1.444963,0.000000,2.772820,4.018126,3.533553,0.000000,0.000000,1.482036,0.000000,2.648924,2.547925,2.944978,3.968836,5.397086,4.332845,0.000000,3.020912,1.526276,0.000000,1.675950,0.000000
3.053634,5.202532,5.247461,0.000000,0.000000,6.869611,7.164470,1.065641,1.162894,1.237759,0.000000,3.721614,0.000000,3.433105,0.000000,1.288777,2.617271,1.935232,0.000000,3.087244,0.000000,4.887176,1.542192,3.615620,1.813923,0.000000,3.362424,1.892762,0.000000,1.181711,0.000000,2.371657,3.904521,3.035981,0.000000,0.000000,0.701222,0.000000,2.417259,1.941060,2.631356,5.022339,5.834433,3.457742,0.000000,2.520682,2.093584,0.000000,2.650009,0.000000
2.827947,3.679715,4.547143,0.000000,0.000000,5.354083,5.091860,0.678446,2.289222,0.117605,0.180427,3.110463,0.000000,2.817715,0.000000,1.411767,1.919657,2.764999,0.000000,3.133059,0.000000,4.800594,2.820300,3.791738,1.789914,0.000000,2.760912,1.671736,0.000000,1.608223,0.000000,1.319556,3.620067,2.428887,0.000000,0.000000,0.619276,0.000000,1.989840,2.823336,2.470729,4.691011,5.793888,2.804540,0.000000,1.768250,3.280055,0.000000,2.095052,0.000000
2.886876,3.795140,5.283497,0.248016,0.000000,4.602610,5.685174,1.093920,3.696060,2.021860,0.000000,3.056522,0.000000,3.351495,0.000000,3.216816,5.297657,1.629204,0.000000,3.204428,0.000000,5.902223,1.845165,3.736170,0.150072,0.000000,3.988659,1.456272,0.000000,1.849865,0.000000,0.332986,6.203529,2.595623,0.247892,0.000000,3.002933,0.000000,2.478252,3.427608,2.890797,4.084531,5.657492,2.233725,0.000000,2.189606,3.440527,0.000000,2.067266,0.000000
2.951176,3.340136,3.642067,0.000000,0.000000,5.221969,5.115232,1.278632,1.545639,0.123629,0.000000,3.541033,0.000000,2.642539,0.000000,1.342490,1.923593,1.769537,0.000000,1.781738,0.000000,4.186027,2.537414,3.114754,2.060339,0.000000,3.061985,1.888783,0.000000,1.956356,0.000000,1.971324,3.488356,2.393828,0.000000,0.000000,1.340752,0.000000,2.312354,2.813195,1.745337,3.797398,4.793910,2.966127,0.000000,2.276038,2.549012,0.000000,1.840995,0.000000
1.761387,3.733366,4.574280,0.000000,0.000000,4.451533,5.964406,1.169160,0.000000,1.020155,0.000000,1.603970,0.000000,4.635455,0.000000,0.144700,5.368478,4.336092,0.000000,3.275401,0.000000,6.294767,0.357855,0.000000,2.277449,0.000000,4.108943,2.614574,0.000000,1.645867,0.000000,3.194997,1.828176,1.599633,0.000000,0.000000,1.014543,0.000000,3.942619,3.597608,1.338587,3.053266,7.757268,1.560992,0.000000,0.118568,0.835219,0.000000,0.176390,0.000000
3.128860,5.190182,5.660066,0.000000,0.000000,7.420013,6.986477,0.810994,2.094662,0.313392,0.122123,3.035047,0.000000,3.529513,0.000000,1.478500,2.659600,1.550894,0.000000,3.384456,0.000000,5.836426,1.410783,4.806216,2.403197,0.000000,3.046168,1.002905,0.000000,1.685942,0.000000,2.187252,4.467080,2.864585,0.000000,0.000000,1.396744,0.000000,3.029250,3.602162,2.655025,5.824850,6.218982,3.890695,0.000000,2.237620,3.745080,0.000000,2.627612,0.000000
2.850881,5.294104,6.546061,0.000000,0.000000,7.718246,7.936591,0.638090,2.136726,0.731846,0.000000,2.862085,0.000000,4.689381,0.000000,2.646626,3.227675,2.100709,0.000000,4.457419,0.199360,5.641710,0.602261,5.443884,2.999876,0.000000,2.965902,1.873602,0.000000,0.413460,0.000000,2.615236,5.745550,4.021568,0.000000,0.000000,1.005022,0.000000,3.759105,3.557626,3.851057,6.430086,7.209503,5.051868,0.000000,1.856053,2.926834,0.000000,2.128742,0.000000
2.225934,6.799509,7.045038,0.000000,0.000000,9.367326,9.356996,0.000000,1.023029,0.701444,0.000000,3.128759,0.000000,5.330506,0.000000,2.166462,3.947039,1.727978,0.000000,4.785910,0.043419,7.064559,0.110160,5.604516,3.343525,0.000000,2.682846,1.437815,0.000000,0.148404,0.000000,2.898799,5.604954,3.325841,0.000000,0.000000,0.383027,0.000000,3.460422,3.383094,3.564242,7.398996,8.078857,5.109656,0.000000,1.597277,3.986878,0.000000,2.197559,0.000000
3.086669,4.303940,5.042552,0.000000,0.000000,6.853912,5.697454,1.045852,1.069827,0.652791,0.203327,3.236444,0.000000,3.048646,0.000000,1.336477,1.846717,1.902876,0.000000,3.507062,0.000000,5.583937,2.292004,3.562918,3.461838,0.000000,3.740236,1.874502,0.000000,2.400467,0.000000,2.765716,3.877048,3.122758,0.000000,0.000000,0.621246,0.000000,3.258694,3.066949,2.446812,5.799005,6.482859,3.777393,0.000000,1.969779,3.281503,0.000000,2.607759,0.000000
2.967129,3.835857,5.149538,0.000000,0.000000,5.262158,5.825624,3.187412,0.430367,0.719183,0.000000,3.838839,0.000000,4.496820,0.000000,1.129328,3.489070,1.822543,0.000000,2.163323,0.000000,4.610390,2.938812,3.371039,1.820585,0.000000,4.248332,2.637658,0.000000,2.529958,0.000000,2.876180,2.549851,2.622450,0.000000,0.000000,2.586128,0.000000,3.199617,3.536692,2.485305,3.990944,5.052482,3.473716,0.000000,3.148789,1.761463,0.000000,2.084517,0.000000
3.426568,4.464504,4.950904,0.000000,0.000000,5.319391,6.380614,2.440379,1.176405,1.145626,0.000000,3.246475,0.000000,3.553040,0.000000,1.066381,3.611878,1.261188,0.000000,2.400476,0.000000,4.893955,2.290930,4.176030,2.303226,0.000000,3.666181,1.074021,0.000000,1.930457,0.000000,2.456496,3.349215,2.178446,0.000000,0.000000,2.088936,0.000000,1.992852,3.279428,2.139367,3.844970,4.198582,2.815305,0.000000,3.214995,3.229544,0.000000,1.651886,0.000000
3.868326,4.816467,5.007901,0.000000,0.000000,6.313575,6.787038,0.910180,2.419326,1.806028,0.000000,3.929112,0.000000,2.965583,0.000000,2.473671,3.171726,1.968674,0.000000,3.467384,0.000000,4.846857,1.828518,4.841261,1.571209,0.000000,3.733798,1.764808,0.000000,1.438330,0.000000,1.757243,4.687990,2.746042,0.000000,0.000000,1.569347,0.000000,2.305803,2.706796,2.618348,5.113330,6.161555,2.675170,0.000000,2.688689,3.334427,0.000000,2.289347,0.000000
4.151623,6.200623,6.607126,0.000000,0.000000,8.905566,8.752243,2.355029,1.465497,0.851401,0.000000,5.031044,0.000000,5.239978,0.000000,1.670516,4.217531,2.035234,0.000000,4.160627,0.000000,7.132670,2.101692,5.974648,3.272955,0.000000,4.207001,2.090529,0.000000,2.486673,0.000000,2.455807,6.302680,3.631660,0.000000,0.000000,2.563951,0.000000,3.406996,3.385667,3.880547,6.556102,8.788305,5.300021,0.000000,3.367701,3.938012,0.000000,2.672308,0.000000
2.833601,2.756968,5.593722,0.230759,0.000000,5.180254,5.524572,1.546454,2.325859,1.176184,0.000000,3.231933,0.000000,2.775427,0.000000,1.110761,3.580250,2.522407,0.000000,3.227308,0.000000,4.700481,0.998486,2.565497,0.810911,0.000000,2.820111,0.673735,0.000000,2.061883,0.000000,1.449232,4.049452,2.040138,0.600555,0.000000,2.685438,0.000000,3.521511,2.426837,0.609421,3.950461,5.394540,2.531343,0.731006,0.847780,2.241062,0.000000,2.626054,0.000000
1.896237,4.228952,4.592465,0.000000,0.000000,5.092900,4.293708,0.000000,0.896152,0.310564,0.000000,2.323390,0.000000,3.039088,0.000000,0.860005,1.634855,1.229735,0.000000,2.661668,0.150174,4.717041,0.957607,2.725615,1.884743,0.000000,2.530504,1.833427,0.000000,0.673003,0.000000,2.335750,3.634666,2.647605,0.000000,0.000000,0.977019,0.000000,2.179881,2.171722,1.740230,4.650225,5.711288,3.548352,0.000000,1.306407,2.273936,0.000000,1.680262,0.000000
2.143512,3.515079,4.651424,0.000000,0.000000,5.269341,5.101906,0.000000,2.392006,0.000000,0.279232,1.985394,0.000000,2.962536,0.000000,1.600582,1.777721,2.346345,0.000000,2.765577,0.000000,4.577936,2.003264,3.289502,1.492752,0.000000,2.771817,1.733051,0.000000,1.152918,0.000000,1.947976,3.135766,2.627433,0.000000,0.000000,1.072734,0.000000,2.722089,2.905991,2.522515,4.635863,5.474119,2.915414,0.000000,1.131119,3.038510,0.000000,1.938060,0.000000
2.199166,3.039457,5.960475,0.000000,0.000000,6.507838,5.921229,0.822851,1.294216,0.736379,0.000000,2.876466,0.000000,3.114217,0.000000,1.410704,1.947433,2.399169,0.000000,3.302511,0.000000,4.444029,1.102129,3.521681,3.170539,0.000000,3.083413,1.210230,0.000000,1.730365,0.000000,2.037041,3.888843,3.159299,0.000000,0.000000,0.376054,0.000000,3.536530,2.366669,2.578440,5.352068,6.459130,3.899802,0.000000,0.637489,2.219350,0.000000,2.814443,0.000000
3.535589,4.566230,5.645324,0.000000,0.000000,7.130414,7.842679,1.812445,2.262544,1.548652,0.000000,3.951451,0.000000,3.495940,0.000000,2.907610,3.675452,2.336551,0.000000,3.484952,0.000000,5.039664,2.008400,5.080457,1.587467,0.000000,3.799531,2.316634,0.000000,0.895821,0.000000,1.752383,5.247970,3.562678,0.000000,0.000000,1.811069,0.000000,2.573371,3.489807,3.589295,5.201585,6.526103,3.590012,0.000000,3.857435,2.887865,0.000000,1.704150,0.000000
3.708622,3.486370,4.895363,0.000000,0.000000,5.857736,5.546271,2.004269,2.445434,1.989702,0.000000,3.408545,0.000000,3.618040,0.000000,1.962717,5.019829,1.355087,0.000000,3.514744,0.000000,6.075036,1.820418,3.878770,0.292637,0.000000,4.335261,1.977631,0.000000,3.124201,0.000000,1.292717,5.921186,2.770066,0.000000,0.000000,3.879849,0.000000,3.054423,2.858457,2.281794,4.031232,5.977244,2.713098,0.000000,3.264540,3.526460,0.000000,2.123168,0.000000
2.589281,4.826254,6.598320,0.000000,0.000000,6.586802,7.894903,2.444847,1.324778,0.673915,0.000000,3.244578,0.000000,5.376202,0.000000,2.145772,4.704561,2.048816,0.000000,3.217061,0.000000,5.766551,1.893021,4.807251,1.694924,0.000000,3.972856,2.732586,0.000000,1.911961,0.000000,2.683057,4.003494,2.986077,0.000000,0.000000,2.845685,0.000000,3.560525,4.564393,3.682408,4.988039,6.612867,4.225128,0.000000,3.151402,2.358261,0.000000,1.802588,0.000000
2.539956,4.502399,4.497016,0.000000,0.000000,6.077160,6.171017,1.054499,0.000000,1.151118,0.000000,4.128651,0.000000,3.747952,0.000000,1.398234,2.664384,1.070031,0.000000,2.361389,0.015336,4.399085,1.757928,4.134859,1.577488,0.000000,3.832063,3.035625,0.000000,1.911219,0.000000,2.724808,3.937067,2.895618,0.000000,0.000000,2.565205,0.000000,1.862195,2.800783,2.617755,4.119501,5.928797,4.135724,0.000000,3.741894,2.434845,0.000000,1.844665,0.000000
2.424753,2.930717,5.427558,0.525926,0.000000,4.677183,4.969751,1.669306,1.771535,1.407118,0.000000,3.125274,0.000000,2.952186,0.000000,1.306896,3.355275,1.640595,0.000000,2.974442,0.000000,4.599152,1.303875,2.156955,1.907654,0.000000,2.935439,1.325825,0.000000,1.777837,0.000000,0.765901,4.334838,2.221797,0.622911,0.000000,2.093050,0.000000,2.841978,2.335625,1.139849,3.759773,5.625470,2.512544,0.257452,1.055929,2.124122,0.000000,2.022599,0.000000
2.544734,2.888970,9.110611,0.432018,0.000000,6.108747,9.171258,1.901161,7.417036,2.372327,0.000000,3.648510,0.000000,2.853058,0.000000,0.899399,8.196585,3.824748,0.000000,4.333831,0.000000,8.765042,2.969946,4.431925,1.219053,0.000000,3.802022,1.010516,0.000000,0.461052,0.000000,0.000000,7.786661,1.484486,0.879865,0.000000,3.774195,1.215224,3.085303,3.064955,3.114018,5.138916,5.951219,3.890805,1.784712,0.890684,6.925761,0.000000,2.504224,0.000000
2.967481,3.107459,4.203146,0.000000,0.000000,3.451287,4.280606,1.350635,3.143048,1.577493,0.000000,3.532926,0.000000,2.167094,0.000000,2.699239,4.328316,1.282524,0.000000,2.154639,0.000000,4.731500,1.688667,2.440538,0.000000,0.000000,3.212520,1.494723,0.000000,1.143990,0.000000,0.698581,4.718481,2.371190,0.039441,0.000000,2.405191,0.000000,1.839768,2.298024,1.528180,2.807927,4.415544,1.416235,0.343521,2.150058,2.616007,0.000000,2.131762,0.000000
1.893718,5.216437,6.190971,0.000000,0.000000,7.952604,7.810697,0.000000,2.313921,0.000000,0.300879,2.627719,0.000000,3.194540,0.000000,2.253206,2.936534,1.633622,0.000000,3.826176,0.000000,5.748886,0.125663,5.313122,1.554125,0.000000,1.857235,0.720419,0.000000,0.102014,0.000000,0.773521,6.230628,2.709049,0.000000,0.000000,1.073689,0.000000,2.374066,3.118232,3.204337,6.210542,7.436230,4.331232,0.000000,1.156598,4.312336,0.000000,2.076208,0.000000
1.958583,3.070200,7.899775,0.517291,0.000000,5.929392,6.946089,1.364265,1.782288,0.660419,0.000000,1.590999,0.000000,3.279430,0.000000,0.000000,4.178833,2.705764,0.000000,5.039945,0.000000,6.901491,0.346023,2.356856,1.155895,0.000000,3.467915,0.593869,0.000000,1.204898,0.000000,1.494886,4.909363,2.969013,0.147214,0.000000,2.081660,0.514952,3.350078,3.314579,1.492843,4.882484,7.044288,4.800368,0.571257,0.000000,2.589395,0.000000,0.712088,0.000000
2.814837,4.576753,6.166392,0.000000,0.000000,6.881892,7.248674,0.450342,2.712420,0.334348,0.000000,2.655948,0.000000,4.100220,0.000000,2.742554,4.250346,1.223412,0.000000,3.969607,0.360769,6.386178,0.661899,4.993603,2.094043,0.000000,2.720919,1.819559,0.000000,0.984947,0.000000,1.817804,6.217414,2.993210,0.000000,0.000000,2.081166,0.000000,2.887473,3.284266,3.686268,5.750507,6.723724,4.065417,0.000000,1.838095,3.752458,0.000000,1.428897,0.000000
3.123748,1.936094,5.539067,0.000000,0.000000,2.938092,5.541802,2.101214,4.426559,1.205014,0.000000,2.032660,0.000000,2.835548,0.000000,0.000000,3.609737,4.153644,0.000000,3.906159,0.000000,5.866856,2.060583,1.886608,1.160350,0.000000,2.697549,0.981261,0.000000,1.678001,0.000000,0.589605,2.081779,1.083884,0.000000,0.000000,2.767621,2.360108,3.907617,4.947459,1.218265,1.814617,3.086687,1.433625,2.415493,0.622830,2.852584,0.000000,1.590349,0.000000
2.027514,3.562775,4.839466,0.000000,0.000000,5.301862,5.706014,1.336742,1.803923,0.024745,0.296402,2.716465,0.000000,3.329823,0.000000,1.852562,3.402603,2.497419,0.000000,2.640519,0.000000,4.583695,2.001045,3.551971,1.545492,0.000000,2.952762,2.463875,0.000000,1.635645,0.000000,0.980597,3.174483,1.827965,0.000000,0.000000,1.564264,0.000000,2.606022,3.491994,2.576464,3.828231,4.986663,2.350894,0.000000,2.242846,2.252264,0.000000,1.477861,0.000000
1.634926,1.942935,5.706071,0.190687,0.000000,3.571147,6.023678,1.744874,5.166431,1.938109,0.000000,2.249829,0.000000,2.194366,0.000000,0.000000,5.977678,3.197329,0.000000,3.728188,0.000000,5.564099,1.217534,2.078435,0.000000,0.025251,2.295988,0.000000,0.000000,0.234180,0.000000,0.000000,4.595776,0.000000,0.463663,0.000000,2.500942,0.980341,2.706831,2.891366,1.981899,1.990491,2.434981,1.380049,1.446933,0.000000,3.903992,0.000000,1.323504,0.000000
2.902554,3.662114,8.076699,0.000000,0.000000,6.680299,7.556664,1.796532,3.606477,0.827695,0.000000,3.587239,0.000000,3.197200,0.000000,0.637935,3.506991,4.035453,0.000000,5.797585,0.000000,5.754845,1.329945,3.278082,2.598606,0.000000,2.709567,1.357366,0.000000,1.279413,0.000000,1.166028,5.854727,2.469333,0.475993,0.000000,1.049567,1.123725,3.114355,3.222767,2.953916,5.420386,5.599087,4.952305,0.650225,0.013738,2.624859,0.000000,2.987462,0.000000
2.670689,5.034826,5.475163,0.000000,0.000000,6.907427,6.452805,0.000000,1.880462,0.000000,0.017099,2.526937,0.000000,2.876432,0.000000,1.523556,1.897780,1.210008,0.000000,3.469883,0.000000,5.352921,0.897983,4.591165,2.396147,0.000000,2.317042,1.186081,0.000000,1.184406,0.000000,1.612223,4.735233,3.055166,0.000000,0.000000,1.067268,0.000000,2.656957,2.821012,2.394054,5.720315,6.427005,4.055979,0.000000,1.584800,3.550877,0.000000,2.312507,0.000000
4.139351,3.298168,3.961489,0.000000,0.000000,5.344768,5.684637,0.831112,3.936216,2.261372,0.000000,4.466918,0.000000,1.949369,0.000000,3.668602,3.738831,2.881092,0.000000,3.684136,0.000000,4.584712,2.897258,4.507879,0.094893,0.000000,3.927462,2.199634,0.000000,1.317862,0.000000,0.210568,5.823718,2.805134,0.000000,0.000000,1.244874,0.000000,1.356610,2.764424,2.752036,4.413989,6.129034,1.314112,0.000000,2.668966,3.281059,0.000000,1.953143,0.000000
1.919129,2.874870,5.337352,0.367600,0.000000,4.393091,5.128054,0.673413,2.649925,0.947437,0.000000,2.846676,0.000000,2.656640,0.000000,1.949943,3.633393,1.909327,0.000000,2.973620,0.000000,4.911376,0.678343,1.990797,0.474041,0.000000,2.481786,0.906452,0.000000,0.708240,0.000000,1.649649,4.135679,1.954285,0.178531,0.000000,1.643104,0.427127,2.231824,2.006204,1.707729,3.751389,4.334995,2.017323,0.563973,1.074529,2.480693,0.000000,2.135545,0.000000
0.742126,1.332702,4.446376,0.000000,0.000000,4.721831,5.710727,2.035968,4.004993,1.633415,0.000000,1.294561,2.555895,0.877103,0.000000,0.000000,1.390931,4.570333,0.000000,4.215893,0.000000,2.500931,1.331467,0.083364,2.223427,0.000000,1.800291,0.766346,0.000000,0.190970,0.000000,0.000000,1.091182,0.000000,0.034550,0.000000,0.000000,2.314749,1.462015,3.794744,2.019490,1.387057,1.785425,3.047051,1.505093,0.000000,1.951822,0.000000,0.017281,0.000000
2.804262,2.051583,5.034410,0.000000,0.000000,5.409139,3.966856,0.964529,4.808602,1.611828,0.071029,4.416678,0.000000,2.740005,0.000000,3.064930,5.255820,3.482744,0.000000,2.718110,0.000000,4.862074,3.089932,2.973208,0.000000,0.000000,4.307442,2.244618,0.000000,2.681562,0.000000,0.000000,5.700923,1.438898,0.000000,0.000000,2.534166,0.000000,2.053650,2.330125,2.965914,3.947930,4.066544,0.443361,0.000000,1.888607,3.009609,0.000000,1.657007,0.000000
3.000759,3.806380,6.563494,0.000000,0.000000,6.228590,5.907351,0.808398,2.640443,0.931425,0.000000,3.949866,0.000000,3.225998,0.000000,1.470428,2.475750,2.746057,0.000000,3.822863,0.000000,5.622014,1.844515,2.831973,1.556361,0.000000,3.443584,1.848947,0.000000,1.685781,0.000000,2.501884,4.909101,3.501160,0.000000,0.000000,1.148882,0.000000,2.371350,2.435153,2.346614,5.490381,6.176998,3.793495,0.434714,2.064799,2.592904,0.000000,3.111776,0.000000
2.034734,2.986676,5.775507,0.109377,0.000000,4.822216,5.769389,1.184041,3.063014,0.685947,0.000000,2.446845,0.000000,3.020417,0.000000,2.017912,4.320500,2.341672,0.000000,3.464382,0.000000,5.616198,0.887195,2.733625,0.288414,0.000000,2.332433,0.973521,0.000000,0.509242,0.000000,1.155370,4.743968,2.161690,0.401109,0.000000,1.905537,0.049396,2.714676,2.780972,1.906106,4.147439,5.049341,2.108838,0.000000,0.751131,3.343428,0.000000,2.329144,0.000000
6.165348,0.648796,0.012352,0.000000,0.000000,0.731402,0.530255,4.654015,1.322952,2.977643,0.000000,5.678638,0.000000,0.000000,0.000000,0.506113,0.105159,0.000000,0.000000,0.000000,0.000000,0.839983,5.594542,0.413463,0.727555,0.000000,5.282577,2.960797,0.000000,4.025229,0.000000,1.499094,1.396003,3.123599,0.000000,0.000000,3.059232,0.000000,0.629765,0.468845,0.253211,0.279711,0.303178,0.737794,0.343420,5.100323,0.873182,0.000000,2.492724,0.000000
8.532473,0.000000,0.000000,0.000000,0.000000,0.000000,0.000000,8.190846,0.000000,5.826958,0.000000,8.980434,0.676473,0.000000,0.000000,0.000000,0.000000,0.000000,0.000000,0.000000,0.000000,0.000000,9.666618,0.000000,0.000000,0.000000,9.729029,5.952661,0.000000,7.118042,0.000000,1.912476,0.000000,2.813823,0.000000,0.000000,4.606363,0.000000,0.000000,0.000000,0.000000,0.000000,0.000000,0.000000,0.000000,9.115891,1.320453,0.000000,5.089920,0.000000
7.402733,0.244355,0.000000,0.000000,0.000000,0.000000,0.000000,4.854677,0.750287,3.529619,0.000000,6.823430,0.000000,0.000000,0.000000,0.008743,0.000000,0.300262,0.000000,0.000000,0.000000,0.000000,6.881243,0.000000,0.000000,0.000000,6.751755,4.291314,0.000000,5.122233,0.000000,2.830784,0.000000,3.053948,0.144116,0.000000,3.470816,0.000000,0.165595,0.000000,0.000000,0.228895,0.000000,0.000000,0.000000,5.514942,0.643702,0.000000,2.520078,0.000000
8.756301,0.000000,0.000000,0.000000,0.000000,0.000000,0.000000,6.700834,0.000000,5.367246,0.000000,7.943084,1.200559,0.000000,0.000000,0.000000,0.000000,0.000000,0.000000,0.000000,0.000000,0.000000,8.227792,0.000000,0.000000,0.000000,7.686827,5.205902,0.000000,6.609545,0.000000,2.128344,0.000000,2.391474,0.000000,0.000000,2.789076,0.000000,0.000000,0.000000,0.000000,0.000000,0.000000,0.000000,0.016787,7.762082,0.505322,0.000000,3.740057,0.000000
6.882723,0.692207,0.000000,0.000000,0.000000,0.000000,0.000000,5.100698,0.276213,4.421583,0.000000,6.874000,0.043186,0.000000,0.000000,0.230910,0.000000,0.033624,0.000000,0.000000,0.000000,0.000000,6.079272,0.246449,0.023253,0.000000,6.259689,3.937149,0.000000,4.563892,0.000000,1.847861,0.000000,2.154685,0.000000,0.000000,2.820329,0.000000,0.000000,0.000000,0.000000,0.000000,0.000000,0.000000,0.129526,5.886077,0.772262,0.000000,2.717050,0.000000
9.022758,0.000000,0.000000,0.000000,0.000000,0.000000,0.000000,7.595368,0.000000,6.166028,0.000000,8.685694,0.413602,0.000000,0.000000,0.000000,0.000000,0.000000,0.000000,0.760977,0.000000,0.050167,9.013562,0.000000,0.000000,0.000000,8.438163,6.355884,0.000000,6.847873,0.000000,4.002854,0.000000,4.130090,0.000000,0.000000,2.170040,0.000000,0.000000,0.000000,0.000000,0.000000,0.000000,1.047928,0.000000,8.398569,0.227672,0.000000,3.808107,0.000000
6.570566,1.483158,1.092783,0.000000,0.000000,1.074040,0.354139,4.293628,0.626943,3.883046,0.000000,6.863135,0.000000,0.267382,0.000000,0.523566,0.700832,0.362342,0.000000,0.814834,0.000000,0.593670,6.141518,1.503863,0.496474,0.000000,6.457627,3.752140,0.000000,4.512562,0.000000,2.454237,0.532981,3.328798,0.000000,0.000000,3.255832,0.000000,0.000000,0.620013,0.599455,1.617323,0.437944,0.000000,0.000000,5.806473,1.798819,0.000000,2.756605,0.000000
9.709837,0.000000,0.000000,0.000000,0.000000,0.000000,0.000000,8.510927,0.000000,6.796489,0.000000,7.617683,2.548750,0.000000,0.000000,0.000000,0.000000,0.000000,0.000000,0.000000,0.000000,0.000000,9.012453,0.000000,0.311232,0.000000,8.893751,5.580572,0.000000,8.276296,0.000000,2.981380,0.000000,3.094693,0.432283,0.000000,4.092159,0.000000,0.000000,0.000000,0.000000,0.000000,0.000000,0.000000,0.458881,9.460712,0.396571,0.000000,5.162628,0.000000
7.824900,0.000000,0.000000,0.000000,0.000000,0.000000,0.000000,5.972974,0.000000,5.221345,0.000000,8.170874,1.142980,0.000000,0.000000,0.000000,0.000000,0.000000,0.000000,0.000000,0.000000,0.000000,7.817050,0.000000,0.000000,0.000000,7.449305,4.838992,0.000000,5.576241,0.000000,2.053756,0.000000,2.467718,0.000000,0.000000,2.471870,0.000000,0.000000,0.000000,0.000000,0.000000,0.000000,0.000000,0.000000,7.555504,1.154101,0.000000,3.029871,0.000000
7.580434,0.000000,0.000000,0.000000,0.000000,0.000000,0.000000,7.003815,0.000000,4.987655,0.000000,7.537814,0.177680,0.000000,0.000000,0.000000,0.000000,0.000000,0.000000,0.000000,0.000000,0.000000,7.640117,0.000000,0.000000,0.000000,7.559189,4.878745,0.000000,6.631801,0.000000,2.858905,0.000000,3.692276,0.407127,0.000000,4.053780,0.000000,0.000000,0.000000,0.097751,0.000000,0.000000,0.120863,0.151263,8.058490,0.750150,0.000000,4.423324,0.000000
5.840864,0.000000,1.096808,0.000000,0.000000,0.234256,0.000000,4.087671,0.428623,4.000935,0.000000,5.643394,0.000000,0.193773,0.000000,0.881825,0.294225,0.539909,0.000000,0.902854,0.000000,0.000000,6.810139,0.776536,0.738931,0.000000,5.991518,4.529190,0.000000,5.467509,0.000000,2.274893,0.297909,3.077824,0.030710,0.000000,2.836695,0.000000,0.348968,0.000000,1.010217,1.094708,0.532315,0.254664,0.003768,5.172781,0.907607,0.000000,2.724884,0.000000
6.743436,0.832661,0.000000,0.000000,0.000000,0.149703,0.338742,4.963011,0.000000,3.386140,0.000000,6.017642,1.525380,0.000000,0.000000,0.000000,0.000000,0.233167,0.000000,0.000000,0.000000,0.494261,5.309579,0.282404,0.295883,0.000000,5.415854,2.848631,0.000000,5.050591,0.000000,1.950495,0.000000,1.738364,0.668914,0.000000,3.527351,0.000000,0.045606,0.684151,0.000000,0.000000,0.000000,0.000000,0.000000,6.022543,1.434770,0.000000,2.729978,0.000000
6.487947,0.000000,0.000000,0.000000,0.000000,0.000000,0.000000,5.791990,0.000000,4.735881,0.000000,6.924446,0.000000,0.000000,0.000000,0.558665,0.000000,0.089482,0.000000,0.000000,0.000000,0.000000,7.950257,0.000000,0.000000,0.000000,7.519561,5.275021,0.000000,5.602040,0.000000,1.471682,0.000000,2.596357,0.000000,0.000000,3.287100,0.000000,0.000000,0.000000,0.340402,0.000000,0.000000,0.000000,0.186353,6.796201,1.268495,0.000000,3.973149,0.000000
7.399667,0.000000,0.000000,0.000000,0.000000,0.000000,1.129962,4.881143,1.273253,4.570614,0.000000,6.160293,0.840008,0.000000,0.000000,0.000000,0.000000,0.819157,0.000000,0.674111,0.000000,0.538924,6.865074,0.433698,1.215214,0.000000,6.849865,3.385168,0.000000,5.353274,0.000000,2.113474,0.469182,2.292025,1.214037,0.000000,2.786348,0.000000,1.111744,0.563652,0.000000,0.070241,0.000000,1.359967,0.639724,4.962747,0.000000,0.000000,4.235312,0.000000
4.474898,0.628025,0.059456,0.000000,0.000000,0.415954,0.000000,4.376797,0.000000,3.212818,0.000000,5.162726,0.000000,0.000000,0.000000,0.000000,0.000000,0.000000,0.000000,0.000000,0.000000,1.953771,5.105159,0.000000,0.000000,0.000000,5.627662,3.625684,0.000000,3.644665,0.000000,2.560029,0.340575,3.849857,0.774953,0.000000,2.624876,0.000000,0.000000,0.852245,0.760783,0.640645,0.884229,1.019267,0.000000,5.354186,0.958279,0.000000,2.928077,0.000000
4.927498,0.855362,0.000000,0.000000,0.000000,0.000000,0.000000,4.851035,0.000000,3.790788,0.000000,5.442687,0.000000,0.000000,0.000000,0.780117,0.504286,0.062756,0.000000,0.001797,0.000000,0.415968,4.785756,0.151031,0.000000,0.000000,5.549486,3.985643,0.000000,3.838066,0.000000,1.666829,0.000000,2.468446,0.000000,0.000000,2.629019,0.000000,0.723066,0.817284,0.723181,0.084542,0.121831,0.002827,0.123594,4.940830,0.604391,0.000000,2.656690,0.000000
9.807531,0.084825,0.000000,0.000000,0.000000,0.000000,0.000000,7.656857,0.000000,5.954430,0.000000,9.752403,1.037884,0.000000,0.000000,0.000000,0.000000,0.000000,0.000000,0.000000,0.000000,0.000000,9.242137,0.000000,0.000000,0.000000,9.604074,6.103385,0.000000,7.484350,0.000000,1.932335,0.000000,2.560935,0.000000,0.000000,4.752525,0.000000,0.000000,0.000000,0.000000,0.000000,0.000000,0.000000,0.000000,9.470491,1.382260,0.000000,4.000774,0.000000
6.864841,0.317352,0.137855,0.000000,0.000000,0.841643,0.293762,6.658939,0.000000,4.459049,0.000000,7.197891,0.000000,0.000000,0.000000,0.031895,0.577695,0.022414,0.000000,0.048661,0.000000,0.000000,7.042850,0.562424,0.000000,0.000000,7.686835,4.702309,0.000000,5.501621,0.000000,2.745285,0.295365,3.167905,0.214343,0.000000,4.174247,0.000000,0.458998,0.000966,0.074476,0.456623,0.000000,0.350395,0.000000,7.259169,0.834717,0.000000,3.694176,0.000000
6.031797,0.906125,0.250899,0.000000,0.000000,1.092843,0.115992,5.157925,0.057412,4.070291,0.000000,6.605574,0.000000,0.000000,0.000000,1.173463,0.096064,0.426209,0.000000,0.189845,0.000000,0.327377,6.654182,1.491231,0.000000,0.000000,7.059133,4.598767,0.000000,5.011767,0.000000,2.419356,0.815521,3.293997,0.139659,0.000000,3.900486,0.000000,0.000000,1.602275,0.932610,0.829184,0.316784,0.220530,0.000000,6.529196,2.363385,0.000000,2.819740,0.000000
7.324198,0.000000,0.000000,0.000000,0.000000,0.000000,0.000000,6.145077,0.000000,4.997346,0.000000,8.079193,0.000354,0.000000,0.000000,0.000000,0.000000,0.000000,0.000000,0.000000,0.000000,0.000000,8.179076,0.000000,0.000000,0.000000,8.782868,5.093246,0.000000,6.178025,0.000000,2.337525,0.000000,3.853516,1.022713,0.000000,4.521528,0.000000,0.000000,0.127226,0.000000,0.000000,0.000000,0.027873,0.000000,8.285975,1.499118,0.000000,3.819149,0.000000
7.571871,0.000000,0.000000,0.000000,0.000000,0.000000,0.000000,4.375204,0.000000,4.361300,0.000000,6.125855,0.640037,0.000000,0.000000,0.000000,0.000000,0.000000,0.000000,0.612599,0.000000,0.000000,7.497930,0.577835,0.475296,0.000000,6.589615,4.304217,0.000000,5.402725,0.000000,2.483552,0.000000,2.359353,0.000000,0.000000,3.018050,0.000000,0.000000,0.000000,0.000000,0.000000,0.000000,0.000000,0.354810,5.802035,0.000000,0.000000,2.677912,0.000000
8.127211,0.000000,0.000000,0.000000,0.000000,0.000000,0.000000,6.413784,0.000000,5.766930,0.000000,7.595699,2.104881,0.000000,0.000000,0.000000,0.000000,0.000000,0.000000,0.000000,0.000000,0.000000,8.542702,0.023943,0.134905,0.000000,7.830548,5.156042,0.000000,7.000632,0.000000,1.686912,0.000000,2.214880,0.000000,0.000000,3.830189,0.000000,0.000000,0.000000,0.000000,0.000000,0.000000,0.000000,0.000000,8.483359,0.308650,0.000000,4.243834,0.000000
10.784548,0.000000,0.000000,0.000000,0.000000,0.000000,0.000000,8.837171,0.000000,8.203738,0.000000,9.782896,2.088902,0.000000,0.000000,0.000000,0.000000,0.000000,0.000000,0.000000,0.000000,0.000000,12.810492,0.000000,0.073497,0.000000,11.577561,8.324700,0.000000,9.207054,0.000000,2.219835,0.000000,2.600442,0.873585,0.000000,4.027033,0.000000,0.000000,0.000000,0.000000,0.000000,0.000000,0.000000,0.000000,10.293842,0.051051,0.000000,5.836620,0.000000
9.088871,0.000000,0.000000,0.000000,0.000000,0.000000,0.000000,6.172904,0.000000,5.478913,0.000000,8.794962,0.034442,0.000000,0.000000,0.000000,0.000000,0.000000,0.000000,0.137432,0.000000,0.000000,8.267478,0.083491,0.149376,0.000000,7.794120,5.571868,0.000000,6.849573,0.000000,3.682212,0.000000,3.648003,0.000000,0.000000,3.631773,0.000000,0.000000,0.000000,0.000000,0.380190,0.000000,0.204609,0.000000,7.303227,0.782918,0.000000,3.659504,0.000000
6.502062,0.000000,0.000000,0.000000,0.000000,0.000000,0.000000,5.130403,0.000000,4.742213,0.000000,7.269134,1.070915,0.000000,0.000000,0.000000,0.000000,0.000000,0.000000,0.000000,0.000000,0.000000,6.704754,0.000000,0.000000,0.000000,7.139329,4.221682,0.000000,5.449304,0.000000,2.294883,0.000000,2.579145,0.000000,0.000000,3.017438,0.000000,0.000000,0.000000,0.000000,0.000000,0.000000,0.000000,0.000000,7.057635,1.326617,0.000000,2.838046,0.000000
4.881224,0.000000,0.821138,1.378350,0.000000,0.000000,0.000000,3.948225,0.004688,3.636979,0.000000,5.281856,0.000000,0.208269,0.000000,0.000000,0.000000,0.000000,0.000000,0.793806,0.000000,1.565198,4.531727,0.000000,0.000000,0.000000,5.571950,4.608736,0.000000,3.532341,0.000000,3.331748,0.091335,3.495252,0.179571,0.000000,1.853321,0.000000,0.067358,0.000000,0.712461,1.197343,1.494165,1.889155,0.000000,4.020952,0.000000,0.000000,2.405572,0.000000
9.365131,0.000000,0.000000,0.000000,0.000000,0.000000,0.000000,8.561884,0.000000,6.486935,0.000000,8.990069,1.959461,0.000000,0.000000,0.000000,0.000000,0.000000,0.000000,0.000000,0.000000,0.000000,10.695333,0.000000,0.000000,0.000000,9.831769,6.695844,0.000000,8.233191,0.000000,1.989200,0.000000,2.325514,0.028987,0.000000,4.669756,0.000000,0.000000,0.000000,0.000000,0.000000,0.000000,0.000000,0.000000,9.853598,0.433736,0.000000,4.848962,0.000000
6.776960,0.072077,0.000000,0.000000,0.000000,0.000000,0.000000,4.671071,0.000000,2.439652,0.000000,6.576012,0.000000,0.000000,0.000000,0.000000,0.000000,0.336988,0.000000,0.000000,0.000000,0.171865,6.188234,0.114633,0.886760,0.000000,5.584302,3.470073,0.000000,4.759514,0.000000,2.724832,0.000000,2.799943,0.000000,0.000000,2.881275,0.000000,0.286756,0.000000,0.000000,0.256713,0.000000,1.339034,0.698352,5.317886,0.624706,0.000000,1.932864,0.000000
6.690561,0.662827,0.000000,0.000000,0.000000,0.115543,0.000000,5.937977,0.000000,4.250613,0.000000,7.379365,0.000000,0.000000,0.000000,0.000000,0.000000,0.000000,0.000000,0.000000,0.000000,0.510922,6.954518,0.000000,0.147867,0.000000,6.756551,5.096911,0.000000,5.815556,0.000000,3.368485,0.000000,2.739815,0.000000,0.000000,3.913674,0.000000,0.000000,1.031370,0.000000,0.113889,0.000000,0.141984,0.131304,7.570923,1.755589,0.000000,3.073773,0.000000
7.742637,0.266611,0.000000,0.000000,0.000000,0.000000,0.000000,6.556101,0.000000,4.768246,0.000000,7.348410,0.435577,0.000000,0.000000,0.000000,0.000000,0.000000,0.000000,0.000000,0.000000,0.000000,6.668667,0.000000,0.315780,0.000000,6.720497,4.615835,0.000000,5.522996,0.000000,2.346104,0.000000,2.225204,0.000000,0.000000,2.663435,0.000000,0.000000,0.000000,0.000000,0.000000,0.000000,0.000000,0.521878,6.686501,0.469174,0.000000,3.160924,0.000000
6.171195,0.293661,0.000000,0.000000,0.000000,0.238256,0.151913,4.084095,0.997248,3.308587,0.000000,5.883561,0.621576,0.000000,0.000000,0.097791,0.076659,0.357892,0.000000,0.000000,0.000000,0.109736,6.322757,0.000000,0.126582,0.000000,5.684545,3.729239,0.000000,4.547660,0.000000,1.610149,0.117676,1.763292,0.334357,0.000000,2.993076,0.000000,0.119296,0.475781,0.000000,0.000000,0.000000,0.183744,0.305230,5.181403,0.155634,0.000000,2.903111,0.000000
5.855423,0.509948,0.293183,0.000000,0.000000,0.816527,0.323244,4.489317,0.616132,4.322042,0.000000,6.767447,0.000000,0.000000,0.000000,0.865839,0.795970,0.970088,0.000000,0.000000,0.000000,0.623064,6.333830,0.265662,0.000000,0.000000,7.305933,4.135573,0.000000,4.909715,0.000000,1.109359,1.028750,2.953432,0.000000,0.000000,3.333722,0.000000,0.000000,0.394140,0.840997,0.426605,0.801399,0.000000,0.000000,5.789186,1.459358,0.000000,3.416553,0.000000
8.841105,0.000000,0.742666,1.426913,0.000000,0.000000,0.259511,5.737102,0.000000,6.585705,0.000000,7.732762,0.000000,0.000000,0.000000,0.000000,0.000000,0.995392,0.000000,3.180945,0.000000,0.696725,8.382449,1.007437,0.585876,0.000000,10.818421,6.125078,0.000000,6.886703,0.000000,3.541827,0.000000,3.756265,0.000000,0.000000,2.665380,0.000000,0.210957,0.000000,0.000000,0.720128,0.467756,2.002093,0.000000,7.346103,0.000000,0.000000,5.014107,0.000000
8.059943,1.028369,0.000000,0.000000,0.000000,0.147170,0.000000,5.660534,0.447681,4.337894,0.000000,7.372613,0.846998,0.000000,0.000000,0.453383,0.000000,0.196610,0.000000,0.108066,0.000000,0.363949,6.591878,0.248732,0.271688,0.000000,6.311429,4.279131,0.000000,5.587135,0.000000,2.481750,0.000000,2.119380,0.000377,0.000000,3.661150,0.000000,0.373198,0.086657,0.000000,0.000000,0.000000,0.023349,0.101503,6.404592,0.220518,0.000000,2.767170,0.000000
5.457626,0.311607,0.000000,0.000000,0.000000,0.000000,0.000000,4.896169,0.155344,3.779055,0.000000,5.840016,0.000000,0.000000,0.000000,0.498476,0.184544,0.057355,0.000000,0.156573,0.000000,1.217566,5.292693,0.000000,0.000000,0.000000,5.829340,3.946434,0.000000,3.818183,0.000000,2.782932,0.346572,2.540692,0.000000,0.000000,2.815933,0.000000,0.237635,0.054685,0.000000,0.420333,0.000000,0.000000,0.139259,5.193975,0.308485,0.000000,2.548036,0.000000
8.542730,0.000000,0.000000,0.000000,0.000000,0.000000,0.000000,5.928912,0.000000,4.760416,0.000000,8.526551,1.186672,0.000000,0.000000,0.000000,0.000000,0.000000,0.000000,0.000000,0.000000,0.000000,8.134598,0.029705,0.000000,0.000000,7.293977,4.885582,0.000000,6.556247,0.000000,2.972318,0.000000,2.728800,0.265253,0.000000,3.048729,0.000000,0.000000,0.065086,0.000000,0.000000,0.000000,0.000000,0.000000,7.501335,1.160124,0.000000,2.911094,0.000000
7.093477,0.000000,0.000000,0.000000,0.000000,0.000000,0.000000,5.765441,0.000000,4.966644,0.000000,7.694129,0.812521,0.000000,0.000000,0.000000,0.000000,0.000000,0.000000,0.000000,0.000000,0.000000,6.649535,0.000000,0.109688,0.000000,7.195033,4.469921,0.000000,5.956284,0.000000,2.402643,0.000000,2.596314,0.000000,0.000000,3.311544,0.000000,0.000000,0.000000,0.000000,0.000000,0.000000,0.237435,0.000000,6.799051,0.539808,0.000000,3.026051,0.000000
6.989772,0.695071,0.000000,0.000000,0.000000,0.366650,0.036370,5.595443,0.000000,4.229712,0.000000,7.306462,0.326223,0.000000,0.000000,0.000000,0.000000,0.048255,0.000000,0.000000,0.000000,0.275486,6.935053,0.562459,1.074664,0.000000,6.575085,4.100391,0.000000,6.078859,0.000000,2.733688,0.267874,2.701958,0.000000,0.000000,2.673633,0.000000,0.000000,0.996672,0.000000,0.007351,0.332075,0.427701,0.000000,6.089284,1.311052,0.000000,2.556378,0.000000
6.950418,0.467348,0.586399,0.000000,0.000000,0.000000,0.205444,4.405177,1.660847,3.768600,0.000000,5.648004,0.337481,0.424875,0.000000,0.000000,0.599584,1.121633,0.000000,0.712365,0.000000,0.931118,6.617376,0.762361,0.331326,0.000000,5.830340,3.465704,0.000000,3.960584,0.000000,1.110634,0.177172,1.794611,0.183193,0.000000,2.443907,0.000000,0.669398,0.000000,0.000000,0.302730,0.000000,0.000000,0.445401,4.771991,0.778719,0.000000,3.261031,0.000000
7.591329,0.000000,0.000000,0.000000,0.000000,0.000000,0.000000,5.489899,0.010261,4.891065,0.000000,6.746050,1.383884,0.000000,0.000000,0.000000,0.000000,0.000000,0.000000,0.000000,0.000000,0.000000,7.147012,0.744536,0.369826,0.000000,7.362048,3.932265,0.000000,5.674219,0.000000,1.315596,0.000000,2.115395,0.818142,0.000000,2.772970,0.000000,0.000000,0.000000,0.000000,0.000000,0.000000,0.000000,0.000000,6.580787,0.308833,0.000000,4.569230,0.000000
7.707886,0.000000,0.000000,0.000000,0.000000,0.000000,0.000000,4.307628,0.000000,6.131288,0.000000,5.341640,0.000000,0.000000,0.000000,0.000000,0.000000,0.000000,0.000000,0.749586,0.000000,0.000000,7.124358,0.000000,0.358335,0.000000,8.146176,5.969121,0.000000,5.691101,0.000000,4.027493,0.000000,3.865755,0.000000,0.000000,1.900764,0.000000,0.137384,0.000000,0.000000,0.000000,0.000000,0.000000,0.277872,7.224637,0.000000,0.000000,2.950135,0.000000
5.436574,0.135141,0.717978,0.000000,0.000000,0.771627,0.000000,4.911851,0.000000,4.550813,0.000000,6.155776,0.000000,0.000000,0.000000,0.665920,0.000000,0.274176,0.000000,0.000000,0.000000,0.498818,7.441356,0.462475,0.219886,0.000000,7.416399,5.213194,0.000000,6.413998,0.000000,2.084443,0.174659,4.339538,0.429986,0.000000,3.997968,0.000000,0.463593,0.233880,0.897393,0.565610,1.033196,0.365575,0.000000,6.949995,1.289280,0.000000,4.559235,0.000000
6.244989,0.000000,0.000000,0.000000,0.000000,0.000000,0.000000,4.862460,0.000000,3.334825,0.000000,5.825190,0.120661,0.000000,0.000000,0.083300,0.000000,0.110418,0.000000,0.000000,0.000000,0.223604,6.510163,0.233334,0.000000,0.000000,5.903478,4.504803,0.000000,5.864579,0.000000,2.464996,0.000000,3.814988,0.960560,0.000000,3.339770,0.000000,0.000000,0.782036,0.147518,0.112372,0.000000,0.000000,0.000000,6.616487,0.812943,0.000000,3.624273,0.000000
6.763523,0.000000,0.000000,0.000000,0.000000,0.195254,0.000000,5.277973,0.000000,4.616713,0.000000,7.237250,0.000000,0.000000,0.000000,0.974642,0.000000,0.000000,0.000000,0.000000,0.000000,0.340403,7.656671,0.000000,0.000000,0.000000,7.149062,5.549419,0.000000,5.893431,0.000000,2.882335,0.000000,3.877233,0.000000,0.000000,3.761998,0.000000,0.025881,0.000000,0.385935,0.375186,0.000000,0.000000,0.695134,7.254988,1.550208,0.000000,3.499153,0.000000
8.858481,0.000000,0.000000,0.000000,0.000000,0.000000,0.000000,7.172782,0.000000,6.797397,0.000000,7.897465,1.780818,0.000000,0.000000,0.000000,0.000000,0.000000,0.000000,0.000000,0.000000,0.000000,10.145059,0.000000,0.414683,0.000000,9.164227,6.355633,0.000000,7.774192,0.000000,2.936541,0.000000,2.695261,0.000000,0.000000,3.237827,0.000000,0.000000,0.000000,0.000000,0.000000,0.000000,0.000000,0.000000,9.085529,0.043373,0.000000,4.274241,0.000000
8.609625,0.117594,0.000000,0.000000,0.000000,0.000000,0.000000,6.089892,0.000000,5.050562,0.000000,7.908829,1.037122,0.000000,0.000000,0.000000,0.000000,0.000000,0.000000,0.000000,0.000000,0.000000,7.109630,0.101913,0.000000,0.000000,6.692789,4.485231,0.000000,6.266830,0.000000,2.803152,0.000000,2.914917,0.000000,0.000000,3.675613,0.000000,0.000000,0.000000,0.000000,0.000000,0.000000,0.000000,0.501769,7.686000,0.803771,0.000000,3.749820,0.000000
7.770842,0.000000,0.000000,0.000000,0.000000,0.000000,0.000000,5.787806,0.000000,5.688521,0.000000,7.262990,1.375979,0.000000,0.000000,0.000000,0.000000,0.000000,0.000000,0.000000,0.000000,0.000000,6.804799,0.000000,0.482024,0.000000,7.255260,4.464776,0.000000,5.842683,0.000000,2.738822,0.000000,2.158564,0.000000,0.000000,2.034255,0.000000,0.000000,0.000000,0.000000,0.000000,0.000000,0.000000,0.000000,6.778591,0.180644,0.000000,2.862904,0.000000
4.814715,0.132160,0.416901,0.000000,0.000000,0.845293,0.000000,4.634279,0.000000,3.353174,0.000000,5.932109,0.000000,0.000000,0.000000,0.489240,0.281598,0.323181,0.000000,0.000000,0.000000,1.135115,7.242035,0.000000,0.000000,0.000000,6.939349,4.437218,0.000000,4.478974,0.000000,2.052119,1.638931,3.554646,0.007089,0.000000,4.312543,0.000000,0.000000,0.879642,0.655867,1.018990,0.235069,0.264598,0.000000,6.091421,2.745080,0.000000,2.661540,0.000000
4.594454,0.221244,0.000000,0.000000,0.000000,0.000000,0.000000,3.925865,0.037591,2.613999,0.000000,3.906669,0.000000,0.000000,0.000000,0.000000,0.000000,0.000000,0.000000,0.217299,0.000000,1.025493,3.661850,0.244590,0.519123,0.000000,3.956622,2.650623,0.000000,3.864224,0.000000,2.160681,0.000000,2.241732,0.000000,0.000000,2.015211,0.000000,0.735860,0.000000,0.000000,0.059495,0.621527,0.839958,0.000000,4.367209,0.000000,0.000000,1.713879,0.000000
5.904646,0.000000,0.000000,0.000000,0.000000,0.000000,0.000000,5.068063,0.000000,5.166863,0.000000,5.091645,0.531489,0.000000,0.000000,0.000000,0.000000,0.000000,0.000000,0.000000,0.000000,0.000000,7.088147,0.011743,0.176896,0.000000,6.599297,4.960772,0.000000,6.102838,0.000000,2.416178,0.000000,4.117965,1.052904,0.000000,2.449271,0.000000,0.199016,0.000000,0.000000,0.000000,0.000000,0.000000,0.000000,7.246471,0.535212,0.000000,4.655503,0.000000
7.227241,0.000000,0.000000,0.000000,0.000000,0.000000,0.000000,6.227897,0.000000,4.636331,0.000000,6.762375,1.373117,0.000000,0.000000,0.000000,0.000000,0.000000,0.000000,0.000000,0.000000,0.000000,7.028620,0.000000,0.489413,0.000000,7.085476,4.876075,0.000000,6.484964,0.000000,1.565336,0.000000,2.336588,0.000000,0.000000,3.670513,0.000000,0.000000,0.000000,0.000000,0.000000,0.000000,0.000000,0.000000,6.918485,0.231492,0.000000,3.966953,0.000000
6.623458,0.634753,0.436907,0.000000,0.000000,1.982377,1.715689,5.267322,0.365253,3.845861,0.000000,6.638671,0.000000,0.000000,0.000000,0.076977,0.855287,0.613881,0.000000,0.264307,0.000000,0.476696,6.165195,1.781001,0.600844,0.000000,6.464314,3.245757,0.000000,4.863966,0.000000,2.141207,1.338344,3.078775,0.000000,0.000000,2.974603,0.000000,0.631352,0.611236,0.171346,1.144760,0.623289,0.311128,0.000000,6.506531,1.592990,0.000000,2.869155,0.000000
5.520842,0.221855,0.033261,0.000000,0.000000,0.214916,0.000000,3.940544,0.000000,3.191523,0.000000,4.879556,0.000000,1.046492,0.000000,0.000000,0.311566,0.689513,0.000000,1.677947,0.000000,2.129668,6.092265,0.000000,0.023270,0.000000,6.769572,4.568272,0.000000,4.988072,0.000000,4.590956,0.115571,3.893673,0.000000,0.000000,2.613491,0.000000,0.259134,0.000000,0.000000,1.784639,1.318713,0.969593,0.000000,5.421490,0.711899,0.000000,2.407271,0.000000
5.094127,0.000000,0.000000,0.000000,0.000000,0.000000,0.000000,4.402004,0.000000,3.368329,0.000000,5.258246,0.000000,0.000000,0.000000,0.018801,0.000000,0.000000,0.000000,0.151949,0.000000,0.000000,4.370543,0.000000,0.122365,0.000000,4.081220,3.310492,0.000000,3.650180,0.000000,2.101572,0.000000,2.022332,0.000000,0.000000,1.856229,0.000000,0.100021,0.000000,0.227683,0.000427,0.000000,0.598612,0.012059,3.883888,0.000000,0.000000,2.278084,0.000000
6.882078,0.000000,0.000000,0.000000,0.000000,0.000000,0.000000,6.551048,0.000000,4.763322,0.000000,7.459875,0.000000,0.000000,0.000000,0.279958,0.000000,0.594952,0.000000,0.000000,0.000000,0.150185,7.826213,0.000000,0.000000,0.000000,8.142290,5.082933,0.000000,6.311258,0.000000,1.920287,0.000000,3.200926,0.650571,0.000000,3.763196,0.000000,0.004335,0.186767,0.000000,0.000000,0.000000,0.000000,0.000000,7.458060,0.619007,0.000000,4.829206,0.000000
6.954902,0.000000,0.000000,0.000000,0.000000,0.351082,0.000000,5.193930,0.000000,4.067412,0.000000,7.028735,0.000000,0.000000,0.000000,0.410838,0.000000,0.328084,0.000000,0.106398,0.000000,0.000000,6.788512,0.455040,0.000000,0.000000,6.717870,4.256133,0.000000,5.326517,0.000000,1.898611,0.000000,2.301368,0.000000,0.000000,3.300656,0.000000,0.000000,0.000000,0.271428,0.041935,0.000000,0.000000,0.000000,5.763937,1.249225,0.000000,3.144771,0.000000
10.654341,0.000000,0.000000,0.000000,0.000000,0.000000,0.000000,8.085855,0.000000,6.459728,0.000000,9.516720,2.621179,0.000000,0.000000,0.000000,0.000000,0.000000,0.000000,0.000000,0.000000,0.000000,9.144383,0.189563,0.000000,0.000000,8.737784,5.307653,0.000000,7.497928,0.000000,1.939114,0.000000,2.340245,0.000000,0.000000,4.397248,0.000000,0.000000,0.000000,0.000000,0.000000,0.000000,0.000000,0.201919,9.287216,0.517710,0.000000,5.090537,0.000000
7.966640,0.000000,0.000000,0.000000,0.000000,0.000000,0.000000,7.120425,0.000000,5.690267,0.000000,7.884620,0.946868,0.000000,0.000000,0.000000,0.000000,0.000000,0.000000,0.000000,0.000000,0.000000,7.880987,0.000000,0.000000,0.000000,7.827507,5.360327,0.000000,6.825072,0.000000,3.096873,0.000000,2.924410,0.000000,0.000000,3.104956,0.000000,0.000000,0.000000,0.000000,0.000000,0.000000,0.000000,0.220386,8.158056,1.084762,0.000000,3.611213,0.000000
